0.050,1.050,0.1894007387448780,-0.0004338137583404,-0.0607340731288118
0.150,1.050,0.1869082199486772,0.0003704093893140,-0.0684200968658599
0.250,1.050,0.1817299385910758,0.0026217010867544,-0.0760552931380468
0.350,1.050,0.1720864207470817,0.0057669910957766,-0.0845181257855205
0.450,1.050,0.1548100088733614,0.0090189201667380,-0.0954712090290531
0.550,1.050,0.1277114393057336,0.0115433643605025,-0.1114396208759349
0.650,1.050,0.0943635687683343,0.0119570007137435,-0.1346741382773929
0.750,1.050,0.0655724084978810,0.0080003496782851,-0.1639857371038525
0.850,1.050,0.0540658359239351,-0.0007641810671367,-0.1922408408760721
0.950,1.050,0.0667947187333795,-0.0120861591241541,-0.2099550718443707
0.050,1.150,0.5097733209386625,0.0009918643944277,-0.0615287487668032
0.150,1.150,0.5082153763952396,0.0033195020042903,-0.0693147305852075
0.250,1.150,0.5060997376954017,0.0071169416219193,-0.0777103727466612
0.350,1.150,0.5041473364869459,0.0123991146129337,-0.0877265431201463
0.450,1.150,0.5032756795198112,0.0187160988161340,-0.1007646299762075
0.550,1.150,0.5043814700284117,0.0243471862704010,-0.1182845130569547
0.650,1.150,0.5075303402657575,0.0255255851726108,-0.1407018822751559
0.750,1.150,0.5109601441450198,0.0179294775523332,-0.1656347677140201
0.850,1.150,0.5120027832159596,0.0013028155691811,-0.1875165770113599
0.950,1.150,0.5098988058084719,-0.0189996568057187,-0.2009423041794359
0.050,1.250,0.7497129691784500,0.0016044065489981,-0.0629892887175581
0.150,1.250,0.7494242946064674,0.0043921020597310,-0.0712876295714370
0.250,1.250,0.7492996073598188,0.0079790377004465,-0.0804623765108851
0.350,1.250,0.7500983848704014,0.0120664789983863,-0.0912731271722584
0.450,1.250,0.7528029440142143,0.0160285724290238,-0.1045307429689660
0.550,1.250,0.7582479321641723,0.0186148598706573,-0.1207919270973635
0.650,1.250,0.7663097972597510,0.0177494867764148,-0.1397695758215602
0.750,1.250,0.7751533173922885,0.0112260014746498,-0.1596386170766252
0.850,1.250,0.7818447791987800,-0.0013246486629593,-0.1770833252270217
0.950,1.250,0.7844571694191734,-0.0173550189577292,-0.1889704985656545
0.050,1.350,0.9098000158373146,0.0015138573633590,-0.0650834100271405
0.150,1.350,0.9102433730933714,0.0041598952381165,-0.0737910398659095
0.250,1.350,0.9112275088428008,0.0071020435299260,-0.0833186094558728
0.350,1.350,0.9131884215445873,0.0098656423700612,-0.0941440881286909
0.450,1.350,0.9165847769223631,0.0118024942981496,-0.1066484872779191
0.550,1.350,0.9216943761837589,0.0120735009858309,-0.1209291461778034
0.650,1.350,0.9282724020477977,0.0096437948822958,-0.1365384915105410
0.750,1.350,0.9352657205650402,0.0035509872763914,-0.1522482636566505
0.850,1.350,0.9410130446880551,-0.0063293935712394,-0.1661634799429219
0.950,1.350,0.9440839568372826,-0.0187032862358199,-0.1765113341578380
0.050,1.450,0.9902553324182659,0.0011434491027868,-0.0674544042589484
0.150,1.450,0.9908781185920926,0.0033384294746441,-0.0762490562555776
0.250,1.450,0.9921264648835326,0.0055202347659056,-0.0856494948741549
0.350,1.450,0.9942147406099919,0.0072145764976803,-0.0959275026844140
0.450,1.450,0.9972631961938330,0.0078724855775991,-0.1072278434634462
0.550,1.450,1.0012094942278527,0.0069357944926929,-0.1194764598897617
0.650,1.450,1.0056977011931725,0.0038707131536544,-0.1322790429027358
0.750,1.450,1.0100031806154575,-0.0017237870472558,-0.1448528689351554
0.850,1.450,1.0131428883071598,-0.0097852566558332,-0.1561207194501565
0.950,1.450,1.0142515197028541,-0.0195024925490673,-0.1650944785612771
0.050,1.550,0.9904688964806867,0.0007922568383970,-0.0696239589647070
0.150,1.550,0.9909888533669994,0.0024929922997411,-0.0782420063191464
0.250,1.550,0.9920632540252617,0.0039880766476359,-0.0872357960291095
0.350,1.550,0.9937875219641413,0.0048978774843226,-0.0967542995579516
0.450,1.550,0.9961188081936637,0.0048207528180035,-0.1068364325179869
0.550,1.550,0.9988482796752012,0.0034032485798948,-0.1173726090559290
0.650,1.550,1.0015816678857785,0.0003711679235488,-0.1280701744734974
0.750,1.550,1.0037385319565910,-0.0044279852155288,-0.1384399175004822
0.850,1.550,1.0046336054438509,-0.0108796339256861,-0.1478597794945985
0.950,1.550,1.0036909433180266,-0.0184568897654331,-0.1557718963947543
0.050,1.650,0.9101742690720053,0.0005232415088357,-0.0712759613581012
0.150,1.650,0.9106163978602873,0.0017895934478049,-0.0796153514626303
0.250,1.650,0.9115065304441780,0.0027344158434572,-0.0881533056058991
0.350,1.650,0.9128554855043357,0.0031101707631693,-0.0969747609283997
0.450,1.650,0.9145296775871391,0.0026663199159349,-0.1060807446427484
0.550,1.650,0.9162565229830293,0.0012024362541990,-0.1153740154155952
0.650,1.650,0.9176421795249761,-0.0014071230904812,-0.1246490120903333
0.750,1.650,0.9181939073473364,-0.0051951476082498,-0.1335940574023287
0.850,1.650,0.9173730633064393,-0.0100427322526216,-0.1418332130581099
0.950,1.650,0.9147159403135997,-0.0156157617430182,-0.1490348382613947
0.050,1.750,0.7498980853152809,0.0002546489519895,-0.0723070421721427
0.150,1.750,0.7503419966382726,0.0011575269770761,-0.0804100725946328
0.250,1.750,0.7511275938261446,0.0016997311950104,-0.0886005449390368
0.350,1.750,0.7521859205962332,0.0017729618858841,-0.0969325159004811
0.450,1.750,0.7533155425330105,0.0012619849881482,-0.1053979162692421
0.550,1.750,0.7542058965745460,0.0000773513184120,-0.1139209821667664
0.650,1.750,0.7544725376720168,-0.0018237582721796,-0.1223556084182400
0.750,1.750,0.7536897464097408,-0.0044211821606121,-0.1304905642737669
0.850,1.750,0.7514244208846731,-0.0076045220757756,-0.1380776842362474
0.950,1.750,0.7472942031231995,-0.0111577764558106,-0.1448971018859201
0.050,1.850,0.5098870019600772,-0.0000052390901410,-0.0727580939858018
0.150,1.850,0.5102258091046804,0.0005904774563670,-0.0807490485635940
0.250,1.850,0.5108319299745450,0.0008626072117874,-0.0887689498552129
0.350,1.850,0.5115775183778108,0.0008310467691479,-0.0968568282283468
0.450,1.850,0.5122256428871617,0.0004915115146174,-0.1050049077133149
0.550,1.850,0.5124618484796365,-0.0001713619918428,-0.1131552454667075
0.650,1.850,0.5119383981265975,-0.0011670986985263,-0.1211982156450424
0.750,1.850,0.5103158357280488,-0.0024747242406204,-0.1289766917298454
0.850,1.850,0.5072910974397636,-0.0040131405281350,-0.1363053984106344
0.950,1.850,0.5026154145834704,-0.0056405745345389,-0.1430137206028979
0.050,1.950,0.1898799367590769,0.0000091775229742,-0.0727569325833085
0.150,1.950,0.1897378001518421,0.0002992857933236,-0.0807791711013937
0.250,1.950,0.1899040366069133,0.0003486347948970,-0.0888041560146561
0.350,1.950,0.1902491574368117,0.0002796182126119,-0.0968623979604435
0.450,1.950,0.1905689600710136,0.0001674783695203,-0.1049479762954572
0.550,1.950,0.1906178969082677,0.0000347744260352,-0.1130150670271636
0.650,1.950,0.1901572024903277,-0.0001391667273000,-0.1209755702840385
0.750,1.950,0.1890051715848835,-0.0003847239601136,-0.1287010836087404
0.850,1.950,0.1870693130656609,-0.0006895348582100,-0.1360358861582005
0.950,1.950,0.1843389643696509,-0.0009730316749352,-0.1428268365464216
1.050,0.050,-0.0001505079600556,-0.0001369007452029,-0.1914170581768164
1.150,0.050,-0.0010619168989812,0.0001221112527819,-0.1916635159048632
1.250,0.050,-0.0029728958463241,0.0005215220611259,-0.1918384692004966
1.350,0.050,-0.0053681031003381,0.0007189118148710,-0.1918365838160728
1.450,0.050,-0.0079562457085328,0.0008147421786951,-0.1916557611238220
1.550,0.050,-0.0106270282403463,0.0008919064310626,-0.1913145968530189
1.650,0.050,-0.0133469296165957,0.0009656575666212,-0.1908190780634973
1.750,0.050,-0.0160967108442994,0.0010236950555073,-0.1901599179544652
1.850,0.050,-0.0188505213133360,0.0010525870906244,-0.1893193425040476
1.950,0.050,-0.0215743067879090,0.0010448253950552,-0.1882777400126131
2.050,0.050,-0.0242301077677689,0.0009983826082663,-0.1870175545306790
2.150,0.050,-0.0267810542393358,0.0009156141940621,-0.1855245976962952
2.250,0.050,-0.0291950462810449,0.0008029083820064,-0.1837878303836250
2.350,0.050,-0.0314462722728486,0.0006703436087950,-0.1817986858287007
2.450,0.050,-0.0335145993040020,0.0005306114934873,-0.1795506322780206
2.550,0.050,-0.0353835393797470,0.0003971249942516,-0.1770392212199915
2.650,0.050,-0.0370377280421772,0.0002817484750539,-0.1742625435836533
2.750,0.050,-0.0384607242321141,0.0001927505834483,-0.1712218818559370
2.850,0.050,-0.0396336674218695,0.0001334722759672,-0.1679223532246756
2.950,0.050,-0.0405350511835240,0.0001019657382683,-0.1643734079142348
3.050,0.050,-0.0411416303657345,0.0000916107380534,-0.1605891192225038
3.150,0.050,-0.0414302704734936,0.0000925180128787,-0.1565882527104101
3.250,0.050,-0.0413803752324851,0.0000934067922235,-0.1523941302547676
3.350,0.050,-0.0409764087206774,0.0000835927840153,-0.1480343179178397
3.450,0.050,-0.0402099881376988,0.0000547335735714,-0.1435401721847558
3.550,0.050,-0.0390810875569545,0.0000020418188396,-0.1389462808397957
3.650,0.050,-0.0375980724338524,-0.0000752140517196,-0.1342898330887105
3.750,0.050,-0.0357765597214100,-0.0001739584397281,-0.1296099475239340
3.850,0.050,-0.0336374099913363,-0.0002881887559537,-0.1249469757491375
3.950,0.050,-0.0312044133327845,-0.0004102391604408,-0.1203417854904389
4.050,0.050,-0.0285023317052071,-0.0005321123923486,-0.1158350137776958
4.150,0.050,-0.0255558463453612,-0.0006465852545257,-0.1114662737175817
4.250,0.050,-0.0223896463327643,-0.0007478994512456,-0.1072733023363168
4.350,0.050,-0.0190294866591700,-0.0008320031865025,-0.1032910536711937
4.450,0.050,-0.0155036959092621,-0.0008964511429036,-0.0995507676541552
1.050,0.150,-0.0001475506080088,0.0007489320364750,-0.1909878009622022
1.150,0.150,-0.0031504186481279,0.0030833699018093,-0.1913588202864625
1.250,0.150,-0.0084525157397383,0.0047069421309386,-0.1915635882485518
1.350,0.150,-0.0149249347880903,0.0054486514509735,-0.1915481804606529
1.450,0.150,-0.0218473690846601,0.0057492440050875,-0.1913545463282856
1.550,0.150,-0.0288956041247987,0.0058963349927003,-0.1910104389101482
1.650,0.150,-0.0359258683504362,0.0059758845452314,-0.1905144759725556
1.750,0.150,-0.0428472265149149,0.0059875646676890,-0.1898510604364441
1.850,0.150,-0.0495827075112797,0.0059161519746311,-0.1890027494575190
1.950,0.150,-0.0560640363656565,0.0057537606729330,-0.1879548744322330
2.050,0.150,-0.0622313727838940,0.0055014785011764,-0.1866954072664734
2.150,0.150,-0.0680310554503803,0.0051665574040635,-0.1852134357592072
2.250,0.150,-0.0734123749934979,0.0047601611550869,-0.1834981721494121
2.350,0.150,-0.0783252567699283,0.0042959383627518,-0.1815390417228795
2.450,0.150,-0.0827193866939898,0.0037886316920256,-0.1793265865831590
2.550,0.150,-0.0865443147156010,0.0032523435733982,-0.1768536751950490
2.650,0.150,-0.0897500041300249,0.0026987085943909,-0.1741166076232983
2.750,0.150,-0.0922876783666577,0.0021355114037132,-0.1711159093801286
2.850,0.150,-0.0941110951254571,0.0015661802185681,-0.1678567720498869
2.950,0.150,-0.0951783597093587,0.0009902747406005,-0.1643491877510942
3.050,0.150,-0.0954541722051569,0.0004047804870972,-0.1606078536788852
3.150,0.150,-0.0949121623454956,-0.0001941688937808,-0.1566519212437928
3.250,0.150,-0.0935368323641621,-0.0008095714634281,-0.1525046521112245
3.350,0.150,-0.0913246607435955,-0.0014422060086718,-0.1481930294559225
3.450,0.150,-0.0882841148208263,-0.0020898776295903,-0.1437473579383007
3.550,0.150,-0.0844346229410384,-0.0027473127080446,-0.1392008685840231
3.650,0.150,-0.0798048719641430,-0.0034065902162002,-0.1345893243053033
3.750,0.150,-0.0744310095452805,-0.0040578821308676,-0.1299506006069209
3.850,0.150,-0.0683553485469832,-0.0046902452189595,-0.1253241993423378
3.950,0.150,-0.0616259633148553,-0.0052922668523239,-0.1207506476506143
4.050,0.150,-0.0542971959313917,-0.0058524925500703,-0.1162707441932120
4.150,0.150,-0.0464306949299290,-0.0063596986635130,-0.1119246409634918
4.250,0.150,-0.0380963509405486,-0.0068031599688927,-0.1077507861278926
4.350,0.150,-0.0293724809454465,-0.0071730611430349,-0.1037847919573861
4.450,0.150,-0.0203448458430839,-0.0074611168811575,-0.1000583210072498
1.050,0.250,-0.0004098098286280,0.0027496493095866,-0.1906945787719825
1.150,0.250,-0.0052327653600069,0.0087200023160746,-0.1911580284308221
1.250,0.250,-0.0134030241338678,0.0123808057831377,-0.1913870464738113
1.350,0.250,-0.0230291152760982,0.0139051625965492,-0.1913924456487964
1.450,0.250,-0.0330357725795355,0.0143884469922868,-0.1912304691004396
1.550,0.250,-0.0429407441528384,0.0144547952783441,-0.1909144112464426
1.650,0.250,-0.0524975147831168,0.0143069062271137,-0.1904355050034092
1.750,0.250,-0.0615676303251053,0.0139926903548360,-0.1897833002704100
1.850,0.250,-0.0700775695544814,0.0135258534610740,-0.1889494242279953
1.950,0.250,-0.0779851375109415,0.0129144916208014,-0.1879250302578636
2.050,0.250,-0.0852538088966102,0.0121646044033804,-0.1866987158503267
2.150,0.250,-0.0918405931149341,0.0112818835084564,-0.1852565553721241
2.250,0.250,-0.0976947901292038,0.0102743163219355,-0.1835836330848747
2.350,0.250,-0.1027615455720811,0.0091535887883789,-0.1816660308089515
2.450,0.250,-0.1069857189961134,0.0079344014987305,-0.1794925391482052
2.550,0.250,-0.1103145100538481,0.0066324342307640,-0.1770558004975102
2.650,0.250,-0.1126991743257660,0.0052622396424171,-0.1743528944525056
2.750,0.250,-0.1140966159492456,0.0038359893479042,-0.1713855065656965
2.850,0.250,-0.1144712651055551,0.0023633463313834,-0.1681598389673325
2.950,0.250,-0.1137970999746705,0.0008522241395404,-0.1646863918512614
3.050,0.250,-0.1120593349657883,-0.0006900416137038,-0.1609797072253098
3.150,0.250,-0.1092552790667001,-0.0022555725665217,-0.1570581339926247
3.250,0.250,-0.1053941174050543,-0.0038351779171301,-0.1529436457984334
3.350,0.250,-0.1004957528082921,-0.0054180200262033,-0.1486617161028545
3.450,0.250,-0.0945891987580198,-0.0069916138584752,-0.1442412270567618
3.550,0.250,-0.0877111909060859,-0.0085419615168014,-0.1397143627514557
3.650,0.250,-0.0799055957527329,-0.0100536382149015,-0.1351164193528450
3.750,0.250,-0.0712238613843268,-0.0115097555192018,-0.1304854610091424
3.850,0.250,-0.0617263029401634,-0.0128918761077390,-0.1258617648690392
3.950,0.250,-0.0514836296511207,-0.0141800697666714,-0.1212870295941748
4.050,0.250,-0.0405779605108562,-0.0153533258178385,-0.1168033626883899
4.150,0.250,-0.0291027014454081,-0.0163904566462703,-0.1124521029284611
4.250,0.250,-0.0171610036938871,-0.0172714723334058,-0.1082725654637596
4.350,0.250,-0.0048629411672983,-0.0179792408872420,-0.1043008122991526
4.450,0.250,0.0076781252692402,-0.0185011366967639,-0.1005685482732866
1.050,0.350,-0.0008119105939664,0.0057061082695937,-0.1907798502042653
1.150,0.350,-0.0071812917795304,0.0166170440002071,-0.1912812146181895
1.250,0.350,-0.0174021781102771,0.0226550986075744,-0.1915390604772725
1.350,0.350,-0.0289555031695901,0.0248521337810443,-0.1915828549092552
1.450,0.350,-0.0405356308441049,0.0252166952808322,-0.1914473190208065
1.550,0.350,-0.0515000201355553,0.0247735915087348,-0.1911421256104184
1.650,0.350,-0.0615611224572649,0.0239316208569917,-0.1906725847627947
1.750,0.350,-0.0706373180754789,0.0228559651213071,-0.1900394648617444
1.850,0.350,-0.0787270714522667,0.0216070036638834,-0.1892358838611653
1.950,0.350,-0.0858373602422119,0.0201968032995004,-0.1882481428166756
2.050,0.350,-0.0919614229118283,0.0186202817422605,-0.1870587411006166
2.150,0.350,-0.0970797875250939,0.0168726384291460,-0.1856495400283196
2.250,0.350,-0.1011665272098446,0.0149566561377967,-0.1840041499563965
2.350,0.350,-0.1041939859592409,0.0128833670972017,-0.1821093655461925
2.450,0.350,-0.1061354747159966,0.0106695851794933,-0.1799558263264539
2.550,0.350,-0.1069672161470695,0.0083349155211035,-0.1775381771734624
2.650,0.350,-0.1066704104158154,0.0058995866609650,-0.1748549722567722
2.750,0.350,-0.1052334172475164,0.0033833952549751,-0.1719084955164020
2.850,0.350,-0.1026535099037467,0.0008054655092224,-0.1687046057749950
2.950,0.350,-0.0989376356772263,-0.0018156242050528,-0.1652526661694608
3.050,0.350,-0.0941019841069241,-0.0044616661968022,-0.1615655806120853
3.150,0.350,-0.0881706702272255,-0.0071146898272584,-0.1576599273329224
3.250,0.350,-0.0811742300693212,-0.0097567743606226,-0.1535561488873473
3.350,0.350,-0.0731487164979037,-0.0123696539333495,-0.1492787325555133
3.450,0.350,-0.0641359291331446,-0.0149340383273824,-0.1448563007072294
3.550,0.350,-0.0541848221488867,-0.0174287367103658,-0.1403215320758907
3.650,0.350,-0.0433536227718703,-0.0198298333741842,-0.1357108525194616
3.750,0.350,-0.0317118764448957,-0.0221102439163553,-0.1310638637863328
3.850,0.350,-0.0193416257025397,-0.0242399379044796,-0.1264225143005078
3.950,0.350,-0.0063372001217978,-0.0261869644287939,-0.1218300499562517
4.050,0.350,0.0071964921069795,-0.0279192154567646,-0.1173298098067306
4.150,0.350,0.0211468898363953,-0.0294066770015679,-0.1129639480800904
4.250,0.350,0.0353973946484978,-0.0306238042521308,-0.1087721692334055
4.350,0.350,0.0498310915497264,-0.0315516383494212,-0.1047905578656093
4.450,0.350,0.0643340909723096,-0.0321793515382690,-0.1010505728084745
1.050,0.450,-0.0010005178582618,0.0095387349724431,-0.1914541640389339
1.150,0.450,-0.0083801375522570,0.0260424243547623,-0.1919047656321664
1.250,0.450,-0.0194396907788421,0.0342958992295782,-0.1921672950881924
1.350,0.450,-0.0313751754907316,0.0367658042701861,-0.1922019877322442
1.450,0.450,-0.0426975506415784,0.0364278959409663,-0.1920357222295412
1.550,0.450,-0.0527387003486361,0.0348624481335132,-0.1917084840721944
1.650,0.450,-0.0613118916955402,0.0327917066926393,-0.1912380348430566
1.750,0.450,-0.0684169774874901,0.0304987849625326,-0.1906183914853919
1.850,0.450,-0.0741048941835246,0.0280654275048444,-0.1898316885808036
1.950,0.450,-0.0784340806470593,0.0254951624247731,-0.1888569804265991
2.050,0.450,-0.0814564910812905,0.0227709409903450,-0.1876745009670197
2.150,0.450,-0.0832133236456994,0.0198791785123277,-0.1862673110208496
2.250,0.450,-0.0837352657908367,0.0168172995698040,-0.1846217262167519
2.350,0.450,-0.0830452974149735,0.0135938522804411,-0.1827272446697319
2.450,0.450,-0.0811627334947515,0.0102259667188698,-0.1805763341651150
2.550,0.450,-0.0781072781858849,0.0067364021067235,-0.1781642597170515
2.650,0.450,-0.0739020255399886,0.0031509843854121,-0.1754890367485871
2.750,0.450,-0.0685747999817616,-0.0005034220174196,-0.1725515394169896
2.850,0.450,-0.0621579042908017,-0.0042004192519861,-0.1693557563455342
2.950,0.450,-0.0546869727269739,-0.0079150037038452,-0.1659091570952081
3.050,0.450,-0.0461999343847995,-0.0116237997653375,-0.1622231105143848
3.150,0.450,-0.0367369418604346,-0.0153045371177869,-0.1583132836026849
3.250,0.450,-0.0263416035368482,-0.0189348734045571,-0.1541999489667711
3.350,0.450,-0.0150632422186086,-0.0224908551168967,-0.1499081385812800
3.450,0.450,-0.0029594755885167,-0.0259454321147474,-0.1454675965524384
3.550,0.450,0.0099016780628304,-0.0292674456195821,-0.1409124997408904
3.650,0.450,0.0234407640949402,-0.0324214043547242,-0.1362809316759895
3.750,0.450,0.0375671807589458,-0.0353681926153752,-0.1316141138819966
3.850,0.450,0.0521807204835586,-0.0380666665741844,-0.1269554202492409
3.950,0.450,0.0671740593530453,-0.0404759307760820,-0.1223492219170157
4.050,0.450,0.0824357793048238,-0.0425579741585402,-0.1178396276614165
4.150,0.450,0.0978535041663375,-0.0442803007453206,-0.1134691942812199
4.250,0.450,0.1133168086706265,-0.0456182155559290,-0.1092776821959350
4.350,0.450,0.1287196820312770,-0.0465565061341327,-0.1053009252861390
4.450,0.450,0.1439624543771003,-0.0470903691487993,-0.1015698735852021
1.050,0.550,-0.0009593964932201,0.0139971933050062,-0.1928146671499406
1.150,0.550,-0.0083703921482279,0.0358241061910060,-0.1930941741636142
1.250,0.550,-0.0186799070623074,0.0457210107950942,-0.1932724356452787
1.350,0.550,-0.0290283233726922,0.0477523299520324,-0.1931940292280112
1.450,0.550,-0.0380221310986873,0.0460248986626680,-0.1929326920828021
1.550,0.550,-0.0451643888900468,0.0427639494818728,-0.1925493477481629
1.650,0.550,-0.0503022849726291,0.0389512473906363,-0.1920457828268190
1.750,0.550,-0.0534796446504297,0.0349823857635746,-0.1913997732868329
1.850,0.550,-0.0548507313216076,0.0309819716809282,-0.1905863659928753
1.950,0.550,-0.0545929729249665,0.0269541447913598,-0.1895838654054169
2.050,0.550,-0.0528600508798561,0.0228637759974562,-0.1883744231539030
2.150,0.550,-0.0497712306674396,0.0186764418522619,-0.1869433760388021
2.250,0.550,-0.0454177335309886,0.0143734437654935,-0.1852785425155705
2.350,0.550,-0.0398729873708027,0.0099538554528336,-0.1833697893368817
2.450,0.550,-0.0332008720458737,0.0054310182185497,-0.1812089187861081
2.550,0.550,-0.0254604447682583,0.0008274445926173,-0.1787898358947594
2.650,0.550,-0.0167078250642168,-0.0038299160261760,-0.1761089165697663
2.750,0.550,-0.0069967610062815,-0.0085131399172078,-0.1731654859872312
2.850,0.550,0.0036207148635614,-0.0131952046887991,-0.1699623268526961
2.950,0.550,0.0150928423431773,-0.0178503752059692,-0.1665061629168598
3.050,0.550,0.0273660153379953,-0.0224534744363831,-0.1628080902925338
3.150,0.550,0.0403825543862387,-0.0269785289843327,-0.1588839406291996
3.250,0.550,0.0540788996174731,-0.0313972516112805,-0.1547545487012726
3.350,0.550,0.0683844533263287,-0.0356777338098030,-0.1504458726970845
3.450,0.550,0.0832210606742370,-0.0397836405221620,-0.1459889000926780
3.550,0.550,0.0985030731395591,-0.0436741303356234,-0.1414192820174184
3.650,0.550,0.1141379989986130,-0.0473046293787299,-0.1367766738344970
3.750,0.550,0.1300277589453837,-0.0506284473961262,-0.1321038037822023
3.850,0.550,0.1460704872654954,-0.0535990696648902,-0.1274453273170278
3.950,0.550,0.1621627121823194,-0.0561728395845357,-0.1228465434625721
4.050,0.550,0.1782016900997120,-0.0583116963652777,-0.1183520528225709
4.150,0.550,0.1940876807495375,-0.0599856493140034,-0.1140044320113359
4.250,0.550,0.2097260064460869,-0.0611747328842435,-0.1098429921406733
4.350,0.550,0.2250288002257469,-0.0618702709321343,-0.1059026819132338
4.450,0.550,0.2399163934088416,-0.0620753681103163,-0.1022131879307337
1.050,0.650,-0.0011280909731468,0.0183615170395779,-0.1948115176044651
1.150,0.650,-0.0071831415859672,0.0444167348027575,-0.1948050123179277
1.250,0.650,-0.0146513443530526,0.0548438048995335,-0.1947503727909524
1.350,0.650,-0.0209770935509928,0.0555812237098254,-0.1944446360470543
1.450,0.650,-0.0252944433192723,0.0518843141806497,-0.1940161461365301
1.550,0.650,-0.0271308482672091,0.0463488916127268,-0.1935100093277337
1.650,0.650,-0.0264199044883266,0.0402838597204968,-0.1929088710589578
1.750,0.650,-0.0234485192381710,0.0342915638017382,-0.1921819583529593
1.850,0.650,-0.0185924399238112,0.0285369056982455,-0.1913004123301789
1.950,0.650,-0.0121684605824512,0.0229817283489227,-0.1902402026634649
2.050,0.650,-0.0044066894381656,0.0175339951578697,-0.1889817835091512
2.150,0.650,0.0045307795942254,0.0121145852748413,-0.1875091108882903
2.250,0.650,0.0145255197074176,0.0066761122200600,-0.1858088481908456
2.350,0.650,0.0254849128069018,0.0012008984643682,-0.1838699529339443
2.450,0.650,0.0373309167506112,-0.0043073244137600,-0.1816835753267202
2.550,0.650,0.0499927717889858,-0.0098316555773828,-0.1792431370729639
2.650,0.650,0.0634018287825620,-0.0153481704616666,-0.1765445127662782
2.750,0.650,0.0774881984997489,-0.0208298695946999,-0.1735863253080111
2.850,0.650,0.0921795049702405,-0.0262489031694632,-0.1703704134848550
2.950,0.650,0.1074014508070521,-0.0315774529359779,-0.1669024923233027
3.050,0.650,0.1230790388890324,-0.0367874689594225,-0.1631929267523653
3.150,0.650,0.1391371416193472,-0.0418495057099781,-0.1592574465556131
3.250,0.650,0.1554998450814940,-0.0467311353262599,-0.1551176091299072
3.350,0.650,0.1720889660651002,-0.0513955792598155,-0.1508008761455682
3.450,0.650,0.1888226284471308,-0.0558011198375043,-0.1463402687003172
3.550,0.650,0.2056146300343785,-0.0599015761278077,-0.1417736492386938
3.650,0.650,0.2223748614470447,-0.0636478200773513,-0.1371427192820328
3.750,0.650,0.2390106409983772,-0.0669900963602822,-0.1324918245168505
3.850,0.650,0.2554286604347906,-0.0698808178252531,-0.1278666438801881
3.950,0.650,0.2715372407907098,-0.0722774985686282,-0.1233128252269911
4.050,0.650,0.2872486604476769,-0.0741455143639421,-0.1188746243721996
4.150,0.650,0.3024813689140209,-0.0754604242730561,-0.1145936050366962
4.250,0.650,0.3171619298194130,-0.0762096453407004,-0.1105074590472514
4.350,0.650,0.3312265632243168,-0.0763933460504193,-0.1066490042199027
4.450,0.650,0.3446221963080702,-0.0760245100874215,-0.1030454093286175
1.050,0.750,-0.0010618423401028,0.0215712616515190,-0.1973425106423039
1.150,0.750,-0.0043773412045497,0.0498841862268120,-0.1970159368097610
1.250,0.750,-0.0061819101974688,0.0589302889721344,-0.1965275769175395
1.350,0.750,-0.0051779083500164,0.0574489223277999,-0.1958247781808291
1.450,0.750,-0.0011468250816520,0.0510332650774378,-0.1950901379455955
1.550,0.750,0.0058993756861737,0.0427129884454787,-0.1943581860070316
1.650,0.750,0.0154051093802471,0.0342744587430330,-0.1935925752968246
1.750,0.750,0.0267047009894675,0.0264150173346118,-0.1927427088881159
1.850,0.750,0.0392999439015418,0.0191930597491915,-0.1917640873044393
1.950,0.750,0.0528834115049871,0.0124399927997309,-0.1906228554319086
2.050,0.750,0.0672788870704076,0.0059687531494549,-0.1892946488142822
2.150,0.750,0.0823821487225759,-0.0003565748027682,-0.1877620387442594
2.250,0.750,0.0981195089987024,-0.0066127276161242,-0.1860120773108092
2.350,0.750,0.1144222528851602,-0.0128292275064433,-0.1840343511733697
2.450,0.750,0.1312139207780049,-0.0190039043759436,-0.1818197059023894
2.550,0.750,0.1484083581680327,-0.0251168117669871,-0.1793598027032997
2.650,0.750,0.1659151712660249,-0.0311409288427977,-0.1766475819942838
2.750,0.750,0.1836473480169976,-0.0370488463978522,-0.1736784726222214
2.850,0.750,0.2015261398238312,-0.0428152891801914,-0.1704519453996003
2.950,0.750,0.2194811796545658,-0.0484163259062065,-0.1669729364539856
3.050,0.750,0.2374470184278052,-0.0538268556473549,-0.1632527964198747
3.150,0.750,0.2553586692301728,-0.0590179567923682,-0.1593096471939284
3.250,0.750,0.2731481883464039,-0.0639551133989670,-0.1551682101453127
3.350,0.750,0.2907430259545103,-0.0685976833533509,-0.1508592438082084
3.450,0.750,0.3080659586373188,-0.0728995614525643,-0.1464187161696456
3.550,0.750,0.3250361438097010,-0.0768108324819742,-0.1418867917975106
3.650,0.750,0.3415709285997207,-0.0802801744320293,-0.1373066787039270
3.750,0.750,0.3575881762025591,-0.0832577552422271,-0.1327233674988045
3.850,0.750,0.3730089087172964,-0.0856983390478959,-0.1281823006711610
3.950,0.750,0.3877600323985989,-0.0875642971815811,-0.1237280218579818
4.050,0.750,0.4017768792248841,-0.0888282281399687,-0.1194028651514455
4.150,0.750,0.4150053120379298,-0.0894749382918064,-0.1152457485060929
4.250,0.750,0.4274032042424122,-0.0895026150587389,-0.1112911320442554
4.350,0.750,0.4389411995775306,-0.0889231217437836,-0.1075681922453153
4.450,0.750,0.4496027567252412,-0.0877614411223821,-0.1041002482103352
1.050,0.850,0.0012273405483308,0.0233579083594040,-0.2006952277715507
1.150,0.850,0.0035000913821180,0.0491357757974757,-0.1999629402223752
1.250,0.850,0.0128874016467372,0.0537189893474535,-0.1985626007651378
1.350,0.850,0.0272993391829448,0.0486211810081182,-0.1970962362099712
1.450,0.850,0.0449953375525564,0.0391314970952140,-0.1958445668826632
1.550,0.850,0.0645649269379468,0.0286013173365189,-0.1947826861508063
1.650,0.850,0.0849451989471753,0.0187755394480816,-0.1938017329777243
1.750,0.850,0.1055701633330155,0.0100578341429740,-0.1928014449912659
1.850,0.850,0.1262325195215593,0.0022488312831870,-0.1917107007091795
1.950,0.850,0.1468972462239520,-0.0049696518286107,-0.1904839534938080
2.050,0.850,0.1675753556249193,-0.0118476694179959,-0.1890923947665109
2.150,0.850,0.1882616994483423,-0.0185325187348791,-0.1875159295824943
2.250,0.850,0.2089185110463650,-0.0250889937089303,-0.1857377436006709
2.350,0.850,0.2294850872221581,-0.0315310625270782,-0.1837417781327911
2.450,0.850,0.2498953534099433,-0.0378484116054052,-0.1815126540348265
2.550,0.850,0.2700902782131737,-0.0440229425994167,-0.1790370818518577
2.650,0.850,0.2900208561422725,-0.0500359803040194,-0.1763057002806686
2.750,0.850,0.3096445689969511,-0.0558694439748237,-0.1733145984864847
2.850,0.850,0.3289202170996270,-0.0615042930606629,-0.1700662400916196
2.950,0.850,0.3478040429407761,-0.0669183615529309,-0.1665698381880613
3.050,0.850,0.3662476054053866,-0.0720845254656566,-0.1628413395199464
3.150,0.850,0.3841968342357843,-0.0769695504734416,-0.1589031390328474
3.250,0.850,0.4015918699646296,-0.0815337921865995,-0.1547835764623491
3.350,0.850,0.4183677155587488,-0.0857318565622956,-0.1505162267050962
3.450,0.850,0.4344558491273789,-0.0895142197188458,-0.1461389920909209
3.550,0.850,0.4497867763816956,-0.0928296628494494,-0.1416930201005452
3.650,0.850,0.4642932535091234,-0.0956282556059530,-0.1372214881311797
3.750,0.850,0.4779137507199681,-0.0978645553064308,-0.1327683097895022
3.850,0.850,0.4905957013118974,-0.0995006830245649,-0.1283768235838085
3.950,0.850,0.5022981613916586,-0.1005089776574959,-0.1240885259999636
4.050,0.850,0.5129936393602464,-0.1008739988587087,-0.1199419080405854
4.150,0.850,0.5226689977070256,-0.1005937350707796,-0.1159714480089094
4.250,0.850,0.5313254547689744,-0.0996799623924337,-0.1122068038613229
4.350,0.850,0.5389778073168383,-0.0981577841103877,-0.1086722361345947
4.450,0.850,0.5456530521464946,-0.0960644513966597,-0.1053862779469750
1.050,0.950,0.0022854074705088,0.0170020538423819,-0.2071392477466704
1.150,0.950,0.0290622130401242,0.0318048749058100,-0.2041862512114305
1.250,0.950,0.0640410893230913,0.0306439435247598,-0.2005680823775637
1.350,0.950,0.0999986963996379,0.0229394219431390,-0.1977569794575927
1.450,0.950,0.1347807471855064,0.0127048762131680,-0.1957912533836127
1.550,0.950,0.1674159010705112,0.0025553268285966,-0.1943642585047070
1.650,0.950,0.1977742639057888,-0.0064698307051594,-0.1931984010956925
1.750,0.950,0.2261637361357347,-0.0143757832973934,-0.1921069463930096
1.850,0.950,0.2529764313382829,-0.0215016690118617,-0.1909751769311661
1.950,0.950,0.2785298058319914,-0.0281631814168716,-0.1897332598500938
2.050,0.950,0.3030366752633874,-0.0345600048874326,-0.1883364141914915
2.150,0.950,0.3266262432080386,-0.0407903727641133,-0.1867532339978703
2.250,0.950,0.3493727393224672,-0.0468884732936654,-0.1849599042402592
2.350,0.950,0.3713166927316157,-0.0528551371616309,-0.1829378794386091
2.450,0.950,0.3924784122077741,-0.0586767465942233,-0.1806732732665705
2.550,0.950,0.4128664345884065,-0.0643348357273967,-0.1781569889381799
2.650,0.950,0.4324821757314574,-0.0698096412088301,-0.1753851421975404
2.750,0.950,0.4513210748790614,-0.0750801178016086,-0.1723595503557790
2.850,0.950,0.4693711769757855,-0.0801223069625153,-0.1690881245855849
2.950,0.950,0.4866109299886099,-0.0849074729984737,-0.1655850405614835
3.050,0.950,0.5030079395677863,-0.0894009195888377,-0.1618706181241706
3.150,0.950,0.5185196414325186,-0.0935618954758976,-0.1579709005025891
3.250,0.950,0.5330959385931396,-0.0973446064722883,-0.1539169672312585
3.350,0.950,0.5466832403741678,-0.1007001249968418,-0.1497440360785602
3.450,0.950,0.5592291228794471,-0.1035789016857956,-0.1454904137323469
3.550,0.950,0.5706868926311117,-0.1059335784489068,-0.1411963514988691
3.650,0.950,0.5810195254286943,-0.1077218308161704,-0.1369028573380693
3.750,0.950,0.5902026638578843,-0.1089090048296650,-0.1326505120126241
3.850,0.950,0.5982265377146609,-0.1094703534340098,-0.1284783350585188
3.950,0.950,0.6050968079006757,-0.1093927209071841,-0.1244227444317094
4.050,0.950,0.6108344294079191,-0.1086755736662432,-0.1205166505398236
4.150,0.950,0.6154746905097751,-0.1073313312488311,-0.1167887198236017
4.250,0.950,0.6190656197345884,-0.1053850085974826,-0.1132628346907662
4.350,0.950,0.6216659641426193,-0.1028732341617281,-0.1099577657255040
4.450,0.950,0.6233429354210378,-0.0998427518568854,-0.1068870595903752
1.050,1.050,0.1004675156252738,-0.0203629419813271,-0.2134189498673889
1.150,1.050,0.1528975813206088,-0.0198952182162544,-0.2082237375220245
1.250,1.050,0.2107725489947022,-0.0178867744517312,-0.2019600755369833
1.350,1.050,0.2616302721926814,-0.0200355223928904,-0.1975357521207533
1.450,1.050,0.3039931996554229,-0.0251692969973197,-0.1948171989200223
1.550,1.050,0.3398865813231494,-0.0311412450743619,-0.1931004817970099
1.650,1.050,0.3712854549747397,-0.0369691810690007,-0.1918554140476280
1.750,1.050,0.3995667041381892,-0.0424847778799989,-0.1907666774860903
1.850,1.050,0.4255860823382490,-0.0477864220828424,-0.1896582481619603
1.950,1.050,0.4498383619867187,-0.0529820873781161,-0.1884325136795715
2.050,1.050,0.4725972056881299,-0.0581257860833614,-0.1870339745724103
2.150,1.050,0.4940155015502832,-0.0632261301891857,-0.1854294833871040
2.250,1.050,0.5141880380366477,-0.0682676570290522,-0.1835981541807623
2.350,1.050,0.5331841486179023,-0.0732258788171405,-0.1815266889349993
2.450,1.050,0.5510596572972130,-0.0780739255719566,-0.1792075871476559
2.550,1.050,0.5678574220810445,-0.0827836912453052,-0.1766387242588936
2.650,1.050,0.5836040493778105,-0.0873247031410921,-0.1738234235234846
2.750,1.050,0.5983075172327063,-0.0916628050467158,-0.1707705639141181
2.850,1.050,0.6119576329266203,-0.0957595629551049,-0.1674945279707856
2.950,1.050,0.6245292944527876,-0.0995725396365450,-0.1640149375818645
3.050,1.050,0.6359876008031154,-0.1030562549452893,-0.1603561907532418
3.150,1.050,0.6462936914926241,-0.1061635937151963,-0.1565468331462111
3.250,1.050,0.6554104153999041,-0.1088474790959498,-0.1526187996242273
3.350,1.050,0.6633072521141661,-0.1110626943985139,-0.1486065575902958
3.450,1.050,0.6699641915922320,-0.1127677712029276,-0.1445461816962717
3.550,1.050,0.6753744762956914,-0.1139268645569090,-0.1404743899458148
3.650,1.050,0.6795462314190939,-0.1145115223815373,-0.1364275734732782
3.750,1.050,0.6825030768757127,-0.1145022421055455,-0.1324408548540273
3.850,1.050,0.6842838514370111,-0.1138897045492601,-0.1285472112351471
3.950,1.050,0.6849415994216808,-0.1126755881110832,-0.1247766977895779
4.050,1.050,0.6845419808055910,-0.1108728946172596,-0.1211558034066313
4.150,1.050,0.6831612687706938,-0.1085057571423756,-0.1177069640765949
4.250,1.050,0.6808840944032444,-0.1056087431768077,-0.1144482505359156
4.350,1.050,0.6778010861297596,-0.1022257070918379,-0.1113932362390453
4.450,1.050,0.6740065321299598,-0.0984082785499928,-0.1085510406936495
1.050,1.150,0.5071986720339765,-0.0362748277777138,-0.2049751649853424
1.150,1.150,0.5087282141854156,-0.0467147043231052,-0.2029532082436805
1.250,1.150,0.5179291995669698,-0.0512651789142755,-0.1989055387700537
1.350,1.150,0.5338592440138756,-0.0533201925414517,-0.1952376069142228
1.450,1.150,0.5527911675651982,-0.0553815088969334,-0.1926582015103649
1.550,1.150,0.5719614151685419,-0.0581594690526810,-0.1909771101687212
1.650,1.150,0.5903972300520413,-0.0614937346102213,-0.1897885094440177
1.750,1.150,0.6079526821687821,-0.0651327080522871,-0.1887671442823729
1.850,1.150,0.6246466382878848,-0.0689277876053621,-0.1877116310985850
1.950,1.150,0.6404722293803743,-0.0728051897352371,-0.1865102673418926
2.050,1.150,0.6553919974385056,-0.0767229408461850,-0.1851046713904571
2.150,1.150,0.6693632574231062,-0.0806494295413850,-0.1834661049074636
2.250,1.150,0.6823511610034634,-0.0845547353542315,-0.1815822550638631
2.350,1.150,0.6943289141527317,-0.0884066967570945,-0.1794504084649482
2.450,1.150,0.7052727117021628,-0.0921690219220314,-0.1770741233694790
2.550,1.150,0.7151569414526382,-0.0958008889287482,-0.1744616891293668
2.650,1.150,0.7239519549653302,-0.0992577057560624,-0.1716254335543498
2.750,1.150,0.7316245482386773,-0.1024925417309930,-0.1685813840680085
2.850,1.150,0.7381403584700275,-0.1054577449532558,-0.1653490304097630
2.950,1.150,0.7434672168816846,-0.1081064257031820,-0.1619510639944888
3.050,1.150,0.7475786772802130,-0.1103936874404116,-0.1584130359733490
3.150,1.150,0.7504572044682727,-0.1122776359985372,-0.1547629125315889
3.250,1.150,0.7520967374149219,-0.1137202664665786,-0.1510305273914053
3.350,1.150,0.7525045059342650,-0.1146883276112842,-0.1472469452406383
3.450,1.150,0.7517020819734304,-0.1151542221308807,-0.1434437592082312
3.550,1.150,0.7497257048500225,-0.1150969442451533,-0.1396523519332538
3.650,1.150,0.7466259509372831,-0.1145030043003596,-0.1359031536927398
3.750,1.150,0.7424668348229483,-0.1133672552279995,-0.1322249325311352
3.850,1.150,0.7373244382555872,-0.1116935225315827,-0.1286441503161985
3.950,1.150,0.7312851685931832,-0.1094949471040202,-0.1251844151361809
4.050,1.150,0.7244437507691232,-0.1067939741192523,-0.1218660546310132
4.150,1.150,0.7169010556159104,-0.1036219552241720,-0.1187058271329194
4.250,1.150,0.7087618622716392,-0.1000183687031332,-0.1157167785306836
4.350,1.150,0.7001326433962272,-0.0960296973990547,-0.1129082433905158
4.450,1.150,0.6911194497812770,-0.0917080326033098,-0.1102859799550566
1.050,1.250,0.7833107026084688,-0.0331638779843695,-0.1944995996156795
1.150,1.250,0.7804382262033911,-0.0460588235243526,-0.1953235528577906
1.250,1.250,0.7782974021824015,-0.0552149414224322,-0.1937997078158262
1.350,1.250,0.7783597714926128,-0.0614104698832269,-0.1916371231837967
1.450,1.250,0.7807727344621778,-0.0659097900137138,-0.1896846734737702
1.550,1.250,0.7850439339604252,-0.0696388286649134,-0.1881820850044371
1.650,1.250,0.7904620896496656,-0.0731070757330089,-0.1870329616621647
1.750,1.250,0.7963644185094577,-0.0765213667211239,-0.1860304673255108
1.850,1.250,0.8023089063867688,-0.0799072747491333,-0.1849915880483201
1.950,1.250,0.8080242503323873,-0.0832339127069962,-0.1837975690711625
2.050,1.250,0.8133167168884804,-0.0864756511277100,-0.1823857269993634
2.150,1.250,0.8180278413884000,-0.0896195332617074,-0.1807301528591367
2.250,1.250,0.8220243014410537,-0.0926553824307168,-0.1788260697107465
2.350,1.250,0.8251956578829708,-0.0955673498932706,-0.1766800779357275
2.450,1.250,0.8274520741446888,-0.0983307582707353,-0.1743048225683436
2.550,1.250,0.8287216392728092,-0.1009129190613309,-0.1717163520252258
2.650,1.250,0.8289481648071155,-0.1032758665352411,-0.1689329419074786
2.750,1.250,0.8280898561276993,-0.1053794810322863,-0.1659746364311602
2.850,1.250,0.8261187793025920,-0.1071841635282155,-0.1628630828995406
2.950,1.250,0.8230208402925081,-0.1086527628538836,-0.1596214309316131
3.050,1.250,0.8187959777084793,-0.1097517939928101,-0.1562741831883059
3.150,1.250,0.8134583345564632,-0.1104521470401846,-0.1528469508832702
3.250,1.250,0.8070362543146941,-0.1107295210321708,-0.1493661056480019
3.350,1.250,0.7995720146520896,-0.1105647750825467,-0.1458583411317882
3.450,1.250,0.7911212609661147,-0.1099443128618001,-0.1423501697589687
3.550,1.250,0.7817521338083641,-0.1088605357034141,-0.1388673860682351
3.650,1.250,0.7715441042409750,-0.1073123333738079,-0.1354345300390688
3.750,1.250,0.7605865441116580,-0.1053055389128987,-0.1320743828400313
3.850,1.250,0.7489770676028599,-0.1028532567176751,-0.1288075241146153
3.950,1.250,0.7368196880459220,-0.0999759781111024,-0.1256519746869616
4.050,1.250,0.7242228404924980,-0.0967014202390956,-0.1226229418658891
4.150,1.250,0.7112973257785271,-0.0930640555279561,-0.1197326768859230
4.250,1.250,0.6981542354057194,-0.0891043336219930,-0.1169904460787599
4.350,1.250,0.6849029181130102,-0.0848676302331691,-0.1144026097940070
4.450,1.250,0.6716490482403856,-0.0804029836253578,-0.1119727965256008
1.050,1.350,0.9440721839358172,-0.0315111975381921,-0.1826754389263577
1.150,1.350,0.9416663268970334,-0.0430315484814092,-0.1853939090916931
1.250,1.350,0.9380400595704353,-0.0524297442630596,-0.1859840462875592
1.350,1.350,0.9341894992233973,-0.0598070513125443,-0.1855567785206647
1.450,1.350,0.9307632015879189,-0.0656288573070345,-0.1847673145869456
1.550,1.350,0.9279272800985531,-0.0703526429124423,-0.1839162193360541
1.650,1.350,0.9254355479121394,-0.0743808950435812,-0.1830944198569848
1.750,1.350,0.9229898699307260,-0.0779736198991112,-0.1822705291760993
1.850,1.350,0.9203772782992610,-0.0812519367054487,-0.1813576599681868
1.950,1.350,0.9174378347291906,-0.0842626427360922,-0.1802707450618526
2.050,1.350,0.9140390599003274,-0.0870244545149805,-0.1789551119510193
2.150,1.350,0.9100645184628682,-0.0895497166799475,-0.1773881735241528
2.250,1.350,0.9054092541040538,-0.0918483966698650,-0.1755699998924328
2.350,1.350,0.8999811691823519,-0.0939246055332426,-0.1735135783918605
2.450,1.350,0.8937044579898652,-0.0957736735154454,-0.1712381727414289
2.550,1.350,0.8865221107840938,-0.0973822611527781,-0.1687656387981302
2.650,1.350,0.8783967648426900,-0.0987307097797404,-0.1661186962984204
2.750,1.350,0.8693102973749266,-0.0997961488561572,-0.1633202775157762
2.850,1.350,0.8592627295752305,-0.1005553089443104,-0.1603933752436608
2.950,1.350,0.8482708527456361,-0.1009865858875061,-0.1573610589469392
3.050,1.350,0.8363668026980718,-0.1010713292737413,-0.1542464890028251
3.150,1.350,0.8235966795809850,-0.1007945450016893,-0.1510728548292679
3.250,1.350,0.8100192350176536,-0.1001452591327910,-0.1478632167796751
3.350,1.350,0.7957046085264610,-0.0991167529644018,-0.1446402607742443
3.450,1.350,0.7807330760230020,-0.0977068005132524,-0.1414259891874146
3.550,1.350,0.7651937666113571,-0.0959179557534675,-0.1382413775878345
3.650,1.350,0.7491833059506174,-0.0937578691221404,-0.1351060279250144
3.750,1.350,0.7328043532442675,-0.0912395701995440,-0.1320378465487219
3.850,1.350,0.7161640128229174,-0.0883816370689667,-0.1290527711116845
3.950,1.350,0.6993721187037740,-0.0852081786610886,-0.1261645646577919
4.050,1.350,0.6825394094897927,-0.0817485779558617,-0.1233846886216197
4.150,1.350,0.6657756294716566,-0.0780369741873077,-0.1207222596197948
4.250,1.350,0.6491876078405658,-0.0741114946381280,-0.1181840883517427
4.350,1.350,0.6328773797859885,-0.0700132758870064,-0.1157747931587252
4.450,1.350,0.6169404196290679,-0.0657853366833633,-0.1134969762359668
1.050,1.450,1.0129569731773271,-0.0296706436829255,-0.1713683288489639
1.150,1.450,1.0094623900936588,-0.0392931211103201,-0.1752402889131945
1.250,1.450,1.0043839135538832,-0.0477057451282681,-0.1773678399167760
1.350,1.450,0.9983368777217435,-0.0547012688835643,-0.1783910310823569
1.450,1.450,0.9916348228486551,-0.0604926979671064,-0.1787701919843183
1.550,1.450,0.9844593976220912,-0.0652866046040991,-0.1787731751271117
1.650,1.450,0.9769185610827413,-0.0692063683758634,-0.1785280535170868
1.750,1.450,0.9689210063083170,-0.0724518478596359,-0.1780821900455925
1.850,1.450,0.9602922010993042,-0.0752305682269799,-0.1774359147587491
1.950,1.450,0.9509288506481539,-0.0776574108758782,-0.1765644326113458
2.050,1.450,0.9407978333621166,-0.0797737471528671,-0.1754411014391020
2.150,1.450,0.9298876166518517,-0.0815946489413204,-0.1740533901258512
2.250,1.450,0.9181854825059064,-0.0831311221230891,-0.1724059636693616
2.350,1.450,0.9056762629346807,-0.0843936423443960,-0.1705160879975163
2.450,1.450,0.8923484095721133,-0.0853898019397949,-0.1684077480431788
2.550,1.450,0.8782001730411561,-0.0861223769637453,-0.1661073659072644
2.650,1.450,0.8632434341044104,-0.0865893253645627,-0.1636414397186680
2.750,1.450,0.8475050318693786,-0.0867851626882696,-0.1610355378735286
2.850,1.450,0.8310262955916153,-0.0867027876930434,-0.1583140389924958
2.950,1.450,0.8138615936267077,-0.0863351269194145,-0.1555001940663766
3.050,1.450,0.7960765236996464,-0.0856763519047613,-0.1526162685796924
3.150,1.450,0.7777461246639835,-0.0847226832390723,-0.1496836470082066
3.250,1.450,0.7589532860018759,-0.0834729093584291,-0.1467228563945696
3.350,1.450,0.7397873897501187,-0.0819287574552557,-0.1437535061999136
3.450,1.450,0.7203431352650189,-0.0800952097030467,-0.1407941616738151
3.550,1.450,0.7007194579556009,-0.0779807989566066,-0.1378621762238893
3.650,1.450,0.6810184463828235,-0.0755978678161463,-0.1349735097934334
3.750,1.450,0.6613441772420418,-0.0729627442737480,-0.1321425579624827
3.850,1.450,0.6418014159277642,-0.0700957780164746,-0.1293820120327147
3.950,1.450,0.6224941645211450,-0.0670211904521446,-0.1267027647623221
4.050,1.450,0.6035240734876788,-0.0637667127366042,-0.1241138703985233
4.150,1.450,0.5849887637499996,-0.0603630129976921,-0.1216225617768615
4.250,1.450,0.5669801289216357,-0.0568429406632491,-0.1192343219834718
4.350,1.450,0.5495827013271175,-0.0532406377049521,-0.1169530037748646
4.450,1.450,0.5328721691342442,-0.0495905807390823,-0.1147809868647006
1.050,1.550,1.0006478526187197,-0.0263991767912417,-0.1619274252097088
1.150,1.550,0.9955409102325270,-0.0340695829507472,-0.1664415592516589
1.250,1.550,0.9885885102925298,-0.0410147101298157,-0.1696116751568073
1.350,1.550,0.9801207022857463,-0.0469586002262741,-0.1717446471067702
1.450,1.550,0.9704324667858497,-0.0518725430142215,-0.1731078721794589
1.550,1.550,0.9596465942473268,-0.0558860671021814,-0.1739115883011670
1.650,1.550,0.9478298809409383,-0.0591211180746185,-0.1742903739404490
1.750,1.550,0.9351028924943398,-0.0616701084377926,-0.1743139811820734
1.850,1.550,0.9215403956918775,-0.0636691370245970,-0.1740170676791707
1.950,1.550,0.9071381609149235,-0.0652649754447150,-0.1734178625611276
2.050,1.550,0.8918869145390470,-0.0665459029258526,-0.1725252050494407
2.150,1.550,0.8758049629868513,-0.0675458045549067,-0.1713463040980430
2.250,1.550,0.8589278037508303,-0.0682783736613101,-0.1698942837761954
2.350,1.550,0.8412981594826626,-0.0687554967392779,-0.1681904342885054
2.450,1.550,0.8229642975394514,-0.0689902128136578,-0.1662619392886004
2.550,1.550,0.8039814527081452,-0.0689946296114105,-0.1641384229682243
2.650,1.550,0.7844130370802258,-0.0687780251359248,-0.1618493304327608
2.750,1.550,0.7643306797484245,-0.0683463438738897,-0.1594225345591692
2.850,1.550,0.7438132135292131,-0.0677027794020039,-0.1568838522814665
2.950,1.550,0.7229450897786146,-0.0668488594846075,-0.1542570567656325
3.050,1.550,0.7018147017812892,-0.0657856039405495,-0.1515640846905579
3.150,1.550,0.6805129361528716,-0.0645145429336760,-0.1488252674269104
3.250,1.550,0.6591320821241761,-0.0630385362681844,-0.1460595079156138
3.350,1.550,0.6377650780349597,-0.0613624064661108,-0.1432843805816593
3.450,1.550,0.6165049840729870,-0.0594934136146096,-0.1405161607788063
3.550,1.550,0.5954445363914389,-0.0574415875313833,-0.1377698032454599
3.650,1.550,0.5746756463208843,-0.0552199147260254,-0.1350588927776536
3.750,1.550,0.5542887437019209,-0.0528443662363062,-0.1323955889902208
3.850,1.550,0.5343719114525423,-0.0503337520062862,-0.1297905830951390
3.950,1.550,0.5150098084473801,-0.0477093971142495,-0.1272530795266479
4.050,1.550,0.4962824218702658,-0.0449946511628341,-0.1247908098880154
4.150,1.550,0.4782637234736563,-0.0422142599399759,-0.1224100816818229
4.250,1.550,0.4610203241022673,-0.0393936438536669,-0.1201158600191054
4.350,1.550,0.4446102268805134,-0.0365581375686264,-0.1179118772380233
4.450,1.550,0.4290817727341318,-0.0337322481314512,-0.1158007632201558
1.050,1.650,0.9099673062129842,-0.0214433001353291,-0.1550414262806526
1.150,1.650,0.9030936408171295,-0.0270820806485764,-0.1598910701721568
1.250,1.650,0.8941830214115791,-0.0321721441429983,-0.1637051967536208
1.350,1.650,0.8833771516322868,-0.0365137635967104,-0.1666016318831610
1.450,1.650,0.8708992838347132,-0.0400870816291959,-0.1687032158382119
1.550,1.650,0.8570380195968009,-0.0429105157078721,-0.1701480909016345
1.650,1.650,0.8419933369023308,-0.0450378423089743,-0.1710601870341756
1.750,1.650,0.8258561231626744,-0.0466025427482425,-0.1715220293434464
1.850,1.650,0.8087520733236256,-0.0477368220431128,-0.1715787852215393
1.950,1.650,0.7908412870828607,-0.0485321816699548,-0.1712602407846730
2.050,1.650,0.7722410135190785,-0.0490523294007379,-0.1705945372973665
2.150,1.650,0.7530261738536088,-0.0493345462437495,-0.1696092167819651
2.250,1.650,0.7332580227356804,-0.0494001843291922,-0.1683309935693396
2.350,1.650,0.7129993286068156,-0.0492688556013679,-0.1667879255546160
2.450,1.650,0.6923207313705390,-0.0489619874362150,-0.1650105737472233
2.550,1.650,0.6713022476589092,-0.0484998565501039,-0.1630309579239800
2.650,1.650,0.6500313897931899,-0.0478985838329272,-0.1608806863011557
2.750,1.650,0.6285999159998282,-0.0471690256383022,-0.1585895060470744
2.850,1.650,0.6071006651393432,-0.0463172282309234,-0.1561846116953675
2.950,1.650,0.5856250802262633,-0.0453457319390167,-0.1536905381401254
3.050,1.650,0.5642615602970806,-0.0442551606408362,-0.1511293637150206
3.150,1.650,0.5430945844716910,-0.0430457404881388,-0.1485210155785459
3.250,1.650,0.5222044552973613,-0.0417185610937674,-0.1458835604331320
3.350,1.650,0.5016674542900289,-0.0402765073645428,-0.1432334313863077
3.450,1.650,0.4815561860127808,-0.0387248564237785,-0.1405855821179512
3.550,1.650,0.4619399068905768,-0.0370715656160942,-0.1379535797138620
3.650,1.650,0.4428846827292049,-0.0353272893506722,-0.1353496552279380
3.750,1.650,0.4244532817062894,-0.0335051659950731,-0.1327847317236099
3.850,1.650,0.4067047747003825,-0.0316204178773018,-0.1302684466556976
3.950,1.650,0.3896938722454125,-0.0296898102239192,-0.1278091810321054
4.050,1.650,0.3734700707544008,-0.0277310183138418,-0.1254141030414756
4.150,1.650,0.3580767069739032,-0.0257619546739491,-0.1230892294506804
4.250,1.650,0.3435500287551548,-0.0238001080053248,-0.1208395044624429
4.350,1.650,0.3299183841256352,-0.0218619415008810,-0.1186688930720704
4.450,1.650,0.3172016127088892,-0.0199623900281436,-0.1165804843173980
1.050,1.750,0.7410484922638226,-0.0148143755781153,-0.1508327192308996
1.150,1.750,0.7326246035906863,-0.0183186453482099,-0.1558802345227334
1.250,1.750,0.7221361606231269,-0.0214106322114096,-0.1600723078874261
1.350,1.750,0.7097837789808953,-0.0239239223112538,-0.1634328890102978
1.450,1.750,0.6957707410144450,-0.0259062219518615,-0.1660089247358948
1.550,1.750,0.6803493268331401,-0.0274614338796773,-0.1678899906320214
1.650,1.750,0.6638753613963487,-0.0285772091813373,-0.1691789532547045
1.750,1.750,0.6466470773837738,-0.0292428104500262,-0.1699597133051304
1.850,1.750,0.6287745537983767,-0.0295821001461025,-0.1702876255468342
1.950,1.750,0.6103288954776049,-0.0297346210876217,-0.1701975756945699
2.050,1.750,0.5914485107137378,-0.0297490394939067,-0.1697192694477372
2.150,1.750,0.5722783058124504,-0.0296231292680372,-0.1688866124559867
2.250,1.750,0.5529252058222249,-0.0293546533490312,-0.1677366660054058
2.350,1.750,0.5334661753834163,-0.0289569857169508,-0.1663061056520458
2.450,1.750,0.5139666528089040,-0.0284559477691904,-0.1646304164485515
2.550,1.750,0.4944933282794147,-0.0278795134496764,-0.1627441874900205
2.650,1.750,0.4751183876368104,-0.0272494634600699,-0.1606807196346758
2.750,1.750,0.4559175229257138,-0.0265783443204039,-0.1584711652363224
2.850,1.750,0.4369658410267136,-0.0258702867440755,-0.1561438713744755
2.950,1.750,0.4183343652974998,-0.0251234922077561,-0.1537241724461888
3.050,1.750,0.4000879922968653,-0.0243330254628660,-0.1512345393092695
3.150,1.750,0.3822847990138050,-0.0234932753973675,-0.1486949051365732
3.250,1.750,0.3649762947918435,-0.0225998343751138,-0.1461230271487291
3.350,1.750,0.3482081949642189,-0.0216507379924857,-0.1435348067325466
3.450,1.750,0.3320213647321626,-0.0206471066664592,-0.1409445393873116
3.550,1.750,0.3164526751200927,-0.0195932812838491,-0.1383650948079047
3.650,1.750,0.3015356077563909,-0.0184965661310191,-0.1358080409469115
3.750,1.750,0.2873005328948049,-0.0173666947911459,-0.1332837299008350
3.850,1.750,0.2737746590579305,-0.0162151267128466,-0.1308013623011267
3.950,1.750,0.2609817083590749,-0.0150542690833454,-0.1283690433581967
4.050,1.750,0.2489414068337173,-0.0138967034623447,-0.1259938394671455
4.150,1.750,0.2376688944593421,-0.0127544806441185,-0.1236818402681259
4.250,1.750,0.2271741575794302,-0.0116385308480388,-0.1214382277401533
4.350,1.750,0.2174615712379498,-0.0105582198396834,-0.1192673514909629
4.450,1.750,0.2085296152313431,-0.0095210654098819,-0.1171728079037671
1.050,1.850,0.4961173295109118,-0.0072235448314737,-0.1489951987529156
1.150,1.850,0.4877500321747433,-0.0086915452229880,-0.1542127490818077
1.250,1.850,0.4776517053998913,-0.0099642997306237,-0.1586468101149299
1.350,1.850,0.4661254550768157,-0.0109405123773763,-0.1622711701666362
1.450,1.850,0.4534944330823276,-0.0116203995760464,-0.1650987770592942
1.550,1.850,0.4399791763904171,-0.0121081861198663,-0.1672076767779702
1.650,1.850,0.4257606973813824,-0.0124865149575656,-0.1687003834192102
1.750,1.850,0.4111223422339383,-0.0127156449739195,-0.1696584146543481
1.850,1.850,0.3963533736141074,-0.0127298243010031,-0.1701353863587573
1.950,1.850,0.3815512503309121,-0.0125936930984593,-0.1701703264382709
2.050,1.850,0.3667121792336634,-0.0124156067613238,-0.1697973325457152
2.150,1.850,0.3518914363461890,-0.0122180744020550,-0.1690509460015112
2.250,1.850,0.3371830546251597,-0.0119725060809801,-0.1679695476955391
2.350,1.850,0.3226625579242062,-0.0116637421341982,-0.1665940403701771
2.450,1.850,0.3083783259072441,-0.0113037018492188,-0.1649643616234319
2.550,1.850,0.2943634319401044,-0.0109187685601358,-0.1631178508906508
2.650,1.850,0.2806475044744581,-0.0105340848431619,-0.1610891714672848
2.750,1.850,0.2672624688765201,-0.0101644296197251,-0.1589102786384683
2.850,1.850,0.2542424194190510,-0.0098127417770351,-0.1566101592106905
2.950,1.850,0.2416209344528948,-0.0094730337492544,-0.1542146610382099
3.050,1.850,0.2294285215736089,-0.0091345424604696,-0.1517465795725181
3.150,1.850,0.2176912053483417,-0.0087854551686747,-0.1492259519320639
3.250,1.850,0.2064302273409812,-0.0084156293986356,-0.1466704395705552
3.350,1.850,0.1956624727430802,-0.0080182400515523,-0.1440957037148055
3.450,1.850,0.1854012233426855,-0.0075904893935190,-0.1415157227781363
3.550,1.850,0.1756569343195776,-0.0071335849733673,-0.1389430368109666
3.650,1.850,0.1664378473933343,-0.0066522029019506,-0.1363889248975702
3.750,1.850,0.1577503536462965,-0.0061536387060174,-0.1338635304059920
3.850,1.850,0.1495990969376879,-0.0056468185902470,-0.1313759506596571
3.950,1.850,0.1419868616803890,-0.0051413083749610,-0.1289343054633904
4.050,1.850,0.1349143183788036,-0.0046464207929449,-0.1265457952782263
4.150,1.850,0.1283797100488722,-0.0041704873917487,-0.1242167560302323
4.250,1.850,0.1223785569576625,-0.0037203307472989,-0.1219527142483336
4.350,1.850,0.1169034410794467,-0.0033009469313506,-0.1197584437429722
4.450,1.850,0.1119439102430956,-0.0029153876033110,-0.1176380234075825
1.050,1.950,0.1808354709580504,-0.0011527714396214,-0.1489600188357210
1.150,1.950,0.1765679188387619,-0.0012442426805195,-0.1543686338335190
1.250,1.950,0.1715656799466541,-0.0013182127325282,-0.1589977344326150
1.350,1.950,0.1659489796594759,-0.0013955668576164,-0.1627897368396977
1.450,1.950,0.1599232133638475,-0.0014617797976855,-0.1657368649920758
1.550,1.950,0.1536907174775637,-0.0015017195699974,-0.1679195243221387
1.650,1.950,0.1473540412195694,-0.0015363758324974,-0.1694628867657506
1.750,1.950,0.1409373312674402,-0.0016106534194802,-0.1704683057204022
1.850,1.950,0.1345251924914794,-0.0016875682628157,-0.1709897545530039
1.950,1.950,0.1282550419067213,-0.0016798858437954,-0.1710555365269083
2.050,1.950,0.1221568688990047,-0.0016015696613636,-0.1706960440970991
2.150,1.950,0.1161820093077876,-0.0015276848888425,-0.1699512681505534
2.250,1.950,0.1103359203014907,-0.0014715195650740,-0.1688649178693127
2.350,1.950,0.1046673307499812,-0.0014039957747043,-0.1674803540642762
2.450,1.950,0.0992108562105289,-0.0013119070314235,-0.1658393305361732
2.550,1.950,0.0939751799817440,-0.0012064863222524,-0.1639806665194311
2.650,1.950,0.0889528792835112,-0.0011088126781372,-0.1619395849923345
2.750,1.950,0.0841319645597846,-0.0010360214037460,-0.1597479124820460
2.850,1.950,0.0795036463198855,-0.0009945526001445,-0.1574343408524561
2.950,1.950,0.0750648345621377,-0.0009801684525918,-0.1550245017660863
3.050,1.950,0.0708170818789981,-0.0009816464237287,-0.1525410473097659
3.150,1.950,0.0667643996265402,-0.0009852095678731,-0.1500038699400815
3.250,1.950,0.0629113765749546,-0.0009781282102309,-0.1474304408997363
3.350,1.950,0.0592620258701053,-0.0009510110003861,-0.1448361868082070
3.450,1.950,0.0558192765165697,-0.0008988456264859,-0.1422348369349948
3.550,1.950,0.0525848738903546,-0.0008210539656802,-0.1396387067427212
3.650,1.950,0.0495594683474487,-0.0007208723912238,-0.1370589106098955
3.750,1.950,0.0467427397678046,-0.0006043459304660,-0.1345055123661028
3.850,1.950,0.0441334782280660,-0.0004791751193184,-0.1319876285166630
3.950,1.950,0.0417295977674798,-0.0003535955626328,-0.1295134994290822
4.050,1.950,0.0395280966245214,-0.0002354122551438,-0.1270905412560814
4.150,1.950,0.0375249949636274,-0.0001312590075763,-0.1247253879032671
4.250,1.950,0.0357152841969732,-0.0000461105216062,-0.1224239289962725
4.350,1.950,0.0340929155024138,0.0000169582874003,-0.1201913470740864
4.450,1.950,0.0326508437370621,0.0000567943444789,-0.1180321552914471
4.550,0.050,-0.0118444627747527,-0.0009401471042319,-0.0960790737039901
4.650,0.050,-0.0080883312845737,-0.0009631019290289,-0.0928972085725512
4.750,0.050,-0.0042756318715853,-0.0009662989174332,-0.0900204327892276
4.850,0.050,-0.0004489364682155,-0.0009516571463641,-0.0874577158856213
4.950,0.050,0.0033490912819725,-0.0009220114099281,-0.0852117304705549
5.050,0.050,0.0070779617212470,-0.0008810124237742,-0.0832791569204660
5.150,0.050,0.0107013039648254,-0.0008328885311301,-0.0816512633333709
5.250,0.050,0.0141882157856921,-0.0007820730340879,-0.0803146972270388
5.350,0.050,0.0175139360408034,-0.0007327574228532,-0.0792524103702005
5.450,0.050,0.0206599112591005,-0.0006884588013137,-0.0784446363141631
4.550,0.150,-0.0111044601178693,-0.0076613409276257,-0.0965980950278357
4.650,0.150,-0.0017445128377656,-0.0077707993454105,-0.0934251218640972
4.750,0.150,0.0076430634173953,-0.0077901443322622,-0.0905542090922401
4.850,0.150,0.0169708160815242,-0.0077237644770013,-0.0879937968559311
4.950,0.150,0.0261583673888816,-0.0075794836067922,-0.0857461050209021
5.050,0.150,0.0351341755175004,-0.0073678523451470,-0.0838075584987131
5.150,0.150,0.0438364640648508,-0.0071011649743646,-0.0821694334084773
5.250,0.150,0.0522134625803417,-0.0067923765277358,-0.0808186564577796
5.350,0.150,0.0602231595898208,-0.0064540889916901,-0.0797386890457722
5.450,0.150,0.0678327616194321,-0.0060977340240248,-0.0789104335515430
4.550,0.250,0.0203493854046899,-0.0188303596815220,-0.0971022252166971
4.650,0.250,0.0330420616374549,-0.0189666787253334,-0.0939224104308505
4.750,0.250,0.0456541656635118,-0.0189164830068560,-0.0910434462315394
4.850,0.250,0.0580923904793738,-0.0186921678016043,-0.0884734000776776
4.950,0.250,0.0702731920369955,-0.0183109969398793,-0.0862142827367385
5.050,0.250,0.0821232306281034,-0.0177936496352746,-0.0842624960611543
5.150,0.250,0.0935793767129268,-0.0171626717004693,-0.0826094620236130
5.250,0.250,0.1045884614803500,-0.0164410214210085,-0.0812423798815738
5.350,0.250,0.1151068991008507,-0.0156508461607710,-0.0801450578361870
5.450,0.250,0.1251002510448019,-0.0148125643448670,-0.0792987685448916
4.550,0.350,0.0787981976289956,-0.0325050329462484,-0.0975782577343721
4.650,0.350,0.0931228118255513,-0.0325356697345838,-0.0943937019654736
4.750,0.350,0.1072161237556561,-0.0322864035470781,-0.0915107667542880
4.850,0.350,0.1209957473042608,-0.0317792290664061,-0.0889370751414555
4.950,0.350,0.1343889614367321,-0.0310413436916949,-0.0866742480836857
5.050,0.350,0.1473327049035804,-0.0301033596074789,-0.0847183563134863
5.150,0.350,0.1597734276117755,-0.0289975624950181,-0.0830605469216301
5.250,0.350,0.1716668583489624,-0.0277563570070348,-0.0816877966034976
5.350,0.350,0.1829777142261180,-0.0264109887609455,-0.0805837403909188
5.450,0.350,0.1936793556769128,-0.0249905843362724,-0.0797295256322014
4.550,0.450,0.1589531939283757,-0.0472255440004748,-0.0981098546670809
4.650,0.450,0.1736086413576355,-0.0469777123169167,-0.0949400852187458
4.750,0.450,0.1878547686365928,-0.0463712935540440,-0.0920734485378981
4.850,0.450,0.2016270457511041,-0.0454378096767527,-0.0895165369810833
4.950,0.450,0.2148704837993499,-0.0442140075054325,-0.0872699417411164
5.050,0.450,0.2275395066927200,-0.0427399196407104,-0.0853287572883607
5.150,0.450,0.2395976902164276,-0.0410570192561317,-0.0836832559728101
5.250,0.450,0.2510173972210662,-0.0392065867447019,-0.0823196808771021
5.350,0.450,0.2617793303809808,-0.0372283637986275,-0.0812211025842567
5.450,0.450,0.2718720184218488,-0.0351595290734288,-0.0803682878829782
4.550,0.550,0.2543183222935972,-0.0618046317503463,-0.0987982742097543
4.650,0.550,0.2681739546942619,-0.0610832026286617,-0.0956753886151453
4.750,0.550,0.2814327566198122,-0.0599452318595716,-0.0928555464787685
4.850,0.550,0.2940542386355335,-0.0584319787424120,-0.0903434828271421
4.950,0.550,0.3060076373627614,-0.0565897180051196,-0.0881380467231089
5.050,0.550,0.3172713965280444,-0.0544676354141543,-0.0862327964334771
5.150,0.550,0.3278325122360233,-0.0521158626092318,-0.0846167440447787
5.250,0.550,0.3376857995756460,-0.0495837621299198,-0.0832751934910278
5.350,0.550,0.3468331250594495,-0.0469185295054325,-0.0821906166131446
5.450,0.550,0.3552826351919696,-0.0441641376840257,-0.0813435170418336
4.550,0.650,0.3573069845571284,-0.0751282098418305,-0.0997176815247160
4.650,0.650,0.3692503234106297,-0.0737402062244073,-0.0966804332973288
4.750,0.650,0.3804324204245887,-0.0719050468551386,-0.0939419261009003
4.850,0.650,0.3908435310045769,-0.0696738625210331,-0.0915043687398680
4.950,0.650,0.4004829730862834,-0.0671020617570437,-0.0893644326965430
5.050,0.650,0.4093580297896093,-0.0642471001471961,-0.0875139353273791
5.150,0.650,0.4174828295755879,-0.0611664621386431,-0.0859406359470467
5.250,0.650,0.4248772675794501,-0.0579159473553085,-0.0846290892125297
5.350,0.650,0.4315660057097446,-0.0545483082298104,-0.0835615042238464
5.450,0.650,0.4375775671504054,-0.0511122468452638,-0.0827185652603917
4.550,0.750,0.4593835663721943,-0.0860543787046681,-0.1009044583454693
4.650,0.750,0.4682904828612980,-0.0838486962606628,-0.0979917869536954
4.750,0.750,0.4763401357923640,-0.0811988772991598,-0.0953672223525424
4.850,0.750,0.4835573826140075,-0.0781647294239014,-0.0930302129794445
4.950,0.750,0.4899737390594940,-0.0748090086490098,-0.0909752767987836
5.050,0.750,0.4956258892106911,-0.0711952150906435,-0.0891927329031550
5.150,0.750,0.5005543393308184,-0.0673856659403450,-0.0876695026046665
5.250,0.750,0.5048022457229318,-0.0634399074807266,-0.0863899300754019
5.350,0.750,0.5084144205696087,-0.0594134885814135,-0.0853365788282330
5.450,0.750,0.5114365023837147,-0.0553570868977981,-0.0844909688946672
4.550,0.850,0.5513886082011027,-0.0934476169331239,-0.1023616529833489
4.650,0.850,0.5562303356352541,-0.0903632018993661,-0.0996054271079972
4.750,0.850,0.5602305222347931,-0.0868730628959575,-0.0971193657600161
4.850,0.850,0.5634459691218315,-0.0830426320143252,-0.0949004588216937
4.950,0.850,0.5659362647464187,-0.0789386755910230,-0.0929415680388523
5.050,0.850,0.5677622954726078,-0.0746272813355620,-0.0912321496209405
5.150,0.850,0.5689850072473083,-0.0701721454024028,-0.0897590061410789
5.250,0.850,0.5696644082682472,-0.0656331953659974,-0.0885070266446007
5.350,0.850,0.5698587875575468,-0.0610655551330969,-0.0874598810299645
5.450,0.850,0.5696241176789250,-0.0565188351264941,-0.0866006432478885
4.550,0.950,0.6241698981439655,-0.0963485441428360,-0.1040591331611247
4.650,0.950,0.6242241417928962,-0.0924517264217276,-0.1014775525497756
4.750,0.950,0.6235848399875794,-0.0882173602348634,-0.0991414659935823
4.850,0.950,0.6223312619790193,-0.0837123171479009,-0.0970461529936343
4.950,0.950,0.6205412671112194,-0.0790033008152786,-0.0951836490036314
5.050,0.950,0.6182900855498370,-0.0741551059083224,-0.0935434053538473
5.150,0.950,0.6156493693377308,-0.0692291633186890,-0.0921129474983374
5.250,0.950,0.6126864865066403,-0.0642823943012358,-0.0908785003589245
5.350,0.950,0.6094640262135782,-0.0593663738647770,-0.0898255566296346
5.450,0.950,0.6060394828022894,-0.0545267865776271,-0.0889393715206752
4.550,1.050,0.6695961692319408,-0.0942140949499042,-0.1059265327933441
4.650,1.050,0.6646651744378070,-0.0897048950190263,-0.1035206700565449
4.750,1.050,0.6593064082635911,-0.0849445880668456,-0.1013309434229764
4.850,1.050,0.6536089350898904,-0.0799974013756779,-0.0993518939057151
4.950,1.050,0.6476568263855946,-0.0749261896565812,-0.0975756669947375
5.050,1.050,0.6415282385900716,-0.0697909684770109,-0.0959925729556650
5.150,1.050,0.6352947482805565,-0.0646477107901272,-0.0945916254995815
5.250,1.050,0.6290209220518477,-0.0595474242952556,-0.0933610370030372
5.350,1.050,0.6227640960952258,-0.0545355087989708,-0.0922886547879310
5.450,1.050,0.6165743396674263,-0.0496513778584997,-0.0913623292551163
4.550,1.150,0.6818259568809706,-0.0871094912525852,-0.1078524210305281
4.650,1.150,0.6723517211890340,-0.0822925426659617,-0.1056070171126372
4.750,1.150,0.6627906803909007,-0.0773163402144764,-0.1035466447841599
4.850,1.150,0.6532299185492259,-0.0722391442691110,-0.1016660525314154
4.950,1.150,0.6437487064847847,-0.0671169076709321,-0.0999583174788240
5.050,1.150,0.6344178178919715,-0.0620020761955949,-0.0984152897103747
5.150,1.150,0.6252991133222241,-0.0569426363575361,-0.0970280052739720
5.250,1.150,0.6164453767557349,-0.0519814234316697,-0.0957870540434290
5.350,1.150,0.6079003829879606,-0.0471556853330460,-0.0946828937761895
5.450,1.150,0.5996991685832597,-0.0424968840441221,-0.0937061064870459
4.550,1.250,0.6584928527415863,-0.0757616970428853,-0.1097021546708453
4.650,1.250,0.6455275479202744,-0.0709958933017701,-0.1075896611836977
4.750,1.250,0.6328380286946194,-0.0661571063348669,-0.1056324651876056
4.850,1.250,0.6204998426457905,-0.0612949850984535,-0.1038262452664082
4.950,1.250,0.6085784687065241,-0.0564561699897107,-0.1021655613482891
5.050,1.250,0.5971289067818841,-0.0516833832209054,-0.1006441854067444
5.150,1.250,0.5861955707756734,-0.0470147548802544,-0.0992553991417587
5.250,1.250,0.5758124644575965,-0.0424833878256531,-0.0979922509090408
5.350,1.250,0.5660036083604395,-0.0381171487473753,-0.0968477680420517
5.450,1.250,0.5567836772759586,-0.0339386607251194,-0.0958151240721326
4.550,1.350,0.6014640562667002,-0.0614713778126150,-0.1113514474316751
4.650,1.350,0.5865261349623914,-0.0571145877920671,-0.1093374791048919
4.750,1.350,0.5721939775027792,-0.0527565277808784,-0.1074530755810792
4.850,1.350,0.5585236761821277,-0.0484361565185470,-0.1056952421175487
4.950,1.350,0.5455597377297360,-0.0441890388892216,-0.1040602406403874
5.050,1.350,0.5333350731811043,-0.0400467625194824,-0.1025438224590857
5.150,1.350,0.5218713108282308,-0.0360365681418859,-0.1011414313273793
5.250,1.350,0.5111793934959112,-0.0321811832808957,-0.0998483732711822
5.350,1.350,0.5012604097060789,-0.0284988364404563,-0.0986599522984619
5.450,1.350,0.4921066014216444,-0.0250034209588653,-0.0975715732849413
4.550,1.450,0.5169141257795759,-0.0459266230150954,-0.1127193614245237
4.650,1.450,0.5017631182364789,-0.0422811016683015,-0.1107681256695963
4.750,1.450,0.4874620397778759,-0.0386840647564401,-0.1089263860502878
4.850,1.450,0.4740418884968682,-0.0351626568981007,-0.1071925500900525
4.950,1.450,0.4615218879039314,-0.0317406844687227,-0.1055645039998984
5.050,1.450,0.4499099431187520,-0.0284383638391060,-0.1040397695487028
5.150,1.450,0.4392033876438423,-0.0252722411160029,-0.1026156370045238
5.250,1.450,0.4293899627827995,-0.0222552606015550,-0.1012892730697766
5.350,1.450,0.4204489649317186,-0.0193969522892241,-0.1000578044707783
5.450,1.450,0.4123524949339961,-0.0167037060250128,-0.0989183791601228
4.550,1.550,0.4144728548019286,-0.0309389845571051,-0.1137841881664848
4.650,1.550,0.4008104540431380,-0.0281993015214195,-0.1118630095712412
4.750,1.550,0.3881105206060444,-0.0255316854816202,-0.1100374159136618
4.850,1.550,0.3763781978571992,-0.0229518956291413,-0.1083070609315520
4.950,1.550,0.3656083614229478,-0.0204728568753880,-0.1066711839915274
5.050,1.550,0.3557864263732272,-0.0181046894274886,-0.1051287137951156
5.150,1.550,0.3468893629916662,-0.0158548505868682,-0.1036783542684953
5.250,1.550,0.3388868556493708,-0.0137283596136220,-0.1023186528447536
5.350,1.550,0.3317425395260905,-0.0117280755999665,-0.1010480523888135
5.450,1.550,0.3254152551154834,-0.0098550005640854,-0.0998649287172637
4.550,1.650,0.3054106979336890,-0.0181144840003784,-0.1145765991081426
4.650,1.650,0.2945477095196349,-0.0163291140737907,-0.1126588973990009
4.750,1.650,0.2846060373749962,-0.0146149368767264,-0.1108284801347277
4.850,1.650,0.2755708934544591,-0.0129784095441436,-0.1090859824276470
4.950,1.650,0.2674200394135267,-0.0114239312649855,-0.1074316556223095
5.050,1.650,0.2601246860536074,-0.0099540641380061,-0.1058654370849073
5.150,1.650,0.2536505055393816,-0.0085698035254094,-0.1043870075989157
5.250,1.650,0.2479586983434895,-0.0072708693907682,-0.1029958370752547
5.350,1.650,0.2430070624750649,-0.0060559940174316,-0.1016912198631150
5.450,1.650,0.2387510212065369,-0.0049231870482008,-0.1004723012817561
4.550,1.750,0.2003708002497930,-0.0085326135461556,-0.1151575201172505
4.650,1.750,0.1929718134921040,-0.0075964605635367,-0.1132238157841740
4.750,1.750,0.1863138698148476,-0.0067143973216844,-0.1113734999836730
4.850,1.750,0.1803732368627452,-0.0058866450766644,-0.1096079213605702
4.950,1.750,0.1751218915893464,-0.0051121497155488,-0.1079280303626428
5.050,1.750,0.1705282609542604,-0.0043889018610769,-0.1063344292116566
5.150,1.750,0.1665580004519988,-0.0037142539831457,-0.1048274138870309
5.250,1.750,0.1631747691142754,-0.0030852113325128,-0.1034070088749589
5.350,1.750,0.1603409672079631,-0.0024986802499481,-0.1020729957289372
5.450,1.750,0.1580184115936044,-0.0019516642934346,-0.1008249366145651
4.550,1.850,0.1074865195029342,-0.0025648158728210,-0.1155948948564401
4.650,1.850,0.1035150071652570,-0.0022487001537380,-0.1136319183439807
4.750,1.850,0.1000105873229998,-0.0019651053195039,-0.1117514255578665
4.850,1.850,0.0969523306881515,-0.0017110400252069,-0.1099552682651309
4.950,1.850,0.0943176009465073,-0.0014828222797087,-0.1082448622700453
5.050,1.850,0.0920825140268430,-0.0012764312422786,-0.1066212266045086
5.150,1.850,0.0902223913742199,-0.0010878207147321,-0.1050850182473806
5.250,1.850,0.0887121841968666,-0.0009131778779409,-0.1036365629252289
5.350,1.850,0.0875268524564218,-0.0007491186050763,-0.1022758826790636
5.450,1.850,0.0866416890690530,-0.0005928175156028,-0.1010027209052178
4.550,1.950,0.0313811304885084,0.0000740127766888,-0.1159502357131025
4.650,1.950,0.0302750992138232,0.0000707171160864,-0.1139488776870489
4.750,1.950,0.0293235278488182,0.0000501432352588,-0.1120308156192715
4.850,1.950,0.0285168604519286,0.0000162725893623,-0.1101982655713899
4.950,1.950,0.0278454191112580,-0.0000265470856379,-0.1084529603253594
5.050,1.950,0.0272995997187228,-0.0000739445465166,-0.1067961828037854
5.150,1.950,0.0268700393059706,-0.0001218117020712,-0.1052287979366317
5.250,1.950,0.0265477474518430,-0.0001665234949239,-0.1037512831945118
5.350,1.950,0.0263241989805812,-0.0002050880328252,-0.1023637580601839
5.450,1.950,0.0261913891863022,-0.0002352300772867,-0.1010660126947047
5.550,0.050,0.0236134141542984,-0.0006516849766968,-0.0778698489380247
5.650,0.050,0.0263668920588609,-0.0006237517374941,-0.0775056455983254
5.750,0.050,0.0289171986513497,-0.0006047683534522,-0.0773295162965819
5.850,0.050,0.0312648178526774,-0.0005937725382901,-0.0773194775436385
5.950,0.050,0.0334131436790347,-0.0005889730062516,-0.0774545643650747
6.050,0.050,0.0353678445752806,-0.0005880485011951,-0.0777151852639109
6.150,0.050,0.0371363181401176,-0.0005884547031856,-0.0780833528098702
6.250,0.050,0.0387272304527133,-0.0005877005932480,-0.0785428072004702
6.350,0.050,0.0401501299483002,-0.0005835693456708,-0.0790790522069556
6.450,0.050,0.0414151256045818,-0.0005742721743778,-0.0796793230107174
6.550,0.050,0.0425326206492940,-0.0005585346270503,-0.0803325041551387
6.650,0.050,0.0435130946720440,-0.0005356226463744,-0.0810290137055160
6.750,0.050,0.0443669283141865,-0.0005053202492059,-0.0817606671477997
6.850,0.050,0.0451042655046142,-0.0004678724012111,-0.0825205318855114
6.950,0.050,0.0457349086230802,-0.0004239063147365,-0.0833027806387212
7.050,0.050,0.0462682421826030,-0.0003743427236664,-0.0841025497529709
7.150,0.050,0.0467131807780953,-0.0003203063425737,-0.0849158064664305
7.250,0.050,0.0470781372429014,-0.0002630421949212,-0.0857392275864832
7.350,0.050,0.0473710072272848,-0.0002038421305897,-0.0865700907824343
7.450,0.050,0.0475991667631659,-0.0001439838384942,-0.0874061787763535
7.550,0.050,0.0477694797858407,-0.0000846830769452,-0.0882456960639247
7.650,0.050,0.0478883130163473,-0.0000270586972453,-0.0890871973719233
7.750,0.050,0.0479615560391120,0.0000278907180292,-0.0899295268099979
7.850,0.050,0.0479946448158196,0.0000793002083469,-0.0907717665577691
7.950,0.050,0.0479925872429369,0.0001264435620102,-0.0916131939061462
8.050,0.050,0.0479599896788418,0.0001687319925802,-0.0924532455134579
8.150,0.050,0.0479010836347142,0.0002057080157169,-0.0932914878183728
8.250,0.050,0.0478197520429681,0.0002370359819406,-0.0941275926546370
8.350,0.050,0.0477195546924230,0.0002624904934760,-0.0949613172243551
8.450,0.050,0.0476037525563238,0.0002819437008108,-0.0957924876980928
8.550,0.050,0.0474753308438178,0.0002953522545659,-0.0966209858157740
8.650,0.050,0.0473370206835459,0.0003027444912173,-0.0974467379589789
8.750,0.050,0.0471913194049465,0.0003042082621951,-0.0982697062511813
8.850,0.050,0.0470405094233730,0.0002998796761883,-0.0990898813173714
8.950,0.050,0.0468866757630346,0.0002899329129378,-0.0999072763986998
5.550,0.150,0.0750180063173351,-0.0057330218312668,-0.0783131093933926
5.650,0.150,0.0817624226020763,-0.0053676692657448,-0.0779250584959224
5.750,0.150,0.0880565840902224,-0.0050073762760030,-0.0777244521536134
5.850,0.150,0.0938973714574649,-0.0046559932601429,-0.0776898828492493
5.950,0.150,0.0992872445646422,-0.0043158119793204,-0.0778008347038272
6.050,0.150,0.1042335218075635,-0.0039879157407655,-0.0780380345275912
6.150,0.150,0.1087476670211865,-0.0036725357503014,-0.0783836917532176
6.250,0.150,0.1128445891135855,-0.0033693753904186,-0.0788216398760758
6.350,0.150,0.1165419637254460,-0.0030778792718362,-0.0793373945529550
6.450,0.150,0.1198595883818478,-0.0027974370378617,-0.0799181444710975
6.550,0.150,0.1228187826520327,-0.0025275219837634,-0.0805526908079150
6.650,0.150,0.1254418431766186,-0.0022677713405840,-0.0812313498959454
6.750,0.150,0.1277515607006691,-0.0020180188629933,-0.0819458319128901
6.850,0.150,0.1297708030939472,-0.0017782917405438,-0.0826891063197424
6.950,0.150,0.1315221652455417,-0.0015487835007674,-0.0834552626029022
7.050,0.150,0.1330276840208919,-0.0013298131354276,-0.0842393728095948
7.150,0.150,0.1343086143411040,-0.0011217786960270,-0.0850373605120603
7.250,0.150,0.1353852609405329,-0.0009251114756090,-0.0858458792561047
7.350,0.150,0.1362768594474197,-0.0007402348926838,-0.0866622022646266
7.450,0.150,0.1370015000326840,-0.0005675304773227,-0.0874841241685733
7.550,0.150,0.1375760868801434,-0.0004073119977814,-0.0883098747996162
7.650,0.150,0.1380163270404436,-0.0002598077647549,-0.0891380445637342
7.750,0.150,0.1383367427426065,-0.0001251504766433,-0.0899675205823959
7.850,0.150,0.1385507018678094,-0.0000033735697453,-0.0907974325985625
7.950,0.150,0.1386704619738776,0.0001055871482152,-0.0916271075624789
8.050,0.150,0.1387072239463180,0.0002018878326557,-0.0924560318065561
8.150,0.150,0.1386711920084889,0.0002857680816503,-0.0932838197645389
8.250,0.150,0.1385716374275172,0.0003575406001117,-0.0941101882679882
8.350,0.150,0.1384169637919066,0.0004175799207334,-0.0949349355481891
8.450,0.150,0.1382147722064901,0.0004663108787197,-0.0957579241732803
8.550,0.150,0.1379719251508905,0.0005041973701754,-0.0965790672514310
8.650,0.150,0.1376946080825854,0.0005317317740224,-0.0973983173265805
8.750,0.150,0.1373883881408708,0.0005494252890963,-0.0982156574808682
8.850,0.150,0.1370582695301535,0.0005577993330129,-0.0990310942361075
8.950,0.150,0.1367087453372032,0.0005573780667129,-0.0998446519150958
5.550,0.250,0.1345427584619266,-0.0139442716933134,-0.0786830836390199
5.650,0.250,0.1434168419082623,-0.0130614478295004,-0.0782766502647674
5.750,0.250,0.1517125572034043,-0.0121769121473937,-0.0780578818124284
5.850,0.250,0.1594269971344826,-0.0113009651282231,-0.0780055445823673
5.950,0.250,0.1665636357708801,-0.0104416502460519,-0.0780992313491711
6.050,0.250,0.1731316209695105,-0.0096050785658660,-0.0783197209504837
6.150,0.250,0.1791450283908038,-0.0087957696051903,-0.0786492296699306
6.250,0.250,0.1846220955790005,-0.0080169750808800,-0.0790715650635142
6.350,0.250,0.1895844570130302,-0.0072709646717803,-0.0795721959761773
6.450,0.250,0.1940564007914292,-0.0065592635751103,-0.0801382539673432
6.550,0.250,0.1980641653898216,-0.0058828397959827,-0.0807584814858977
6.650,0.250,0.2016352914291810,-0.0052422446924365,-0.0814231412375933
6.750,0.250,0.2047980392755567,-0.0046377135617985,-0.0821238996074035
6.850,0.250,0.2075808790929115,-0.0040692344477787,-0.0828536950396546
6.950,0.250,0.2100120560789590,-0.0035365933838857,-0.0836066001891541
7.050,0.250,0.2121192302752595,-0.0030394034543117,-0.0843776846235106
7.150,0.250,0.2139291876807309,-0.0025771237578554,-0.0851628830054403
7.250,0.250,0.2154676174401002,-0.0021490729142985,-0.0859588720855931
7.350,0.250,0.2167589485863037,-0.0017544403673439,-0.0867629585202557
7.450,0.250,0.2178262391068272,-0.0013922975385616,-0.0875729784921849
7.550,0.250,0.2186911098756338,-0.0010616099297493,-0.0883872093345215
7.650,0.250,0.2193737161361011,-0.0007612505654617,-0.0892042928035802
7.750,0.250,0.2198927496330196,-0.0004900146916726,-0.0900231692779529
7.850,0.250,0.2202654650818217,-0.0002466353629585,-0.0908430219406150
7.950,0.250,0.2205077253545435,-0.0000297994160383,-0.0916632298923249
8.050,0.250,0.2206340604944023,0.0001618367000227,-0.0924833291180733
8.150,0.250,0.2206577363992635,0.0003296317238573,-0.0933029802583234
8.250,0.250,0.2205908297071620,0.0004749454157053,-0.0941219422032151
8.350,0.250,0.2204443060540898,0.0005991257274728,-0.0949400506154092
8.450,0.250,0.2202280994441375,0.0007034975076712,-0.0957572005845147
8.550,0.250,0.2199511909701135,0.0007893528443709,-0.0965733327151485
8.650,0.250,0.2196216855492953,0.0008579430674375,-0.0973884220463122
8.750,0.250,0.2192468856974436,0.0009104723656551,-0.0982024692886770
8.850,0.250,0.2188333616603072,0.0009480929251332,-0.0990154939467599
8.950,0.250,0.2183870174621300,0.0009719014614414,-0.0998275289641288
5.550,0.350,0.2037533809914580,-0.0235215101027620,-0.0791046456291578
5.650,0.350,0.2131891530253795,-0.0220270205659790,-0.0786877148948585
5.750,0.350,0.2219832544943282,-0.0205271480350417,-0.0784571573807350
5.850,0.350,0.2301388743061540,-0.0190387768950932,-0.0783917890787327
5.950,0.350,0.2376651336932373,-0.0175758456471826,-0.0784712860833330
6.050,0.350,0.2445763662423524,-0.0161496257001715,-0.0786765376873400
6.150,0.350,0.2508913696276118,-0.0147690351780141,-0.0789898908708998
6.250,0.350,0.2566326487093879,-0.0134409565799168,-0.0793952974087656
6.350,0.350,0.2618256697385403,-0.0121705373617545,-0.0798783778001167
6.450,0.350,0.2664981439624122,-0.0109614613377429,-0.0804264175328343
6.550,0.350,0.2706793563381648,-0.0098161857092487,-0.0810283111506170
6.650,0.350,0.2743995517331856,-0.0087361434130300,-0.0816744685570110
6.750,0.350,0.2776893873319407,-0.0077219135314160,-0.0823566963144857
6.850,0.350,0.2805794563218735,-0.0067733640670429,-0.0830680646836472
6.950,0.350,0.2830998845689775,-0.0058897718530814,-0.0838027690403424
7.050,0.350,0.2852799991019811,-0.0050699241253380,-0.0845559922833384
7.150,0.350,0.2871480649046704,-0.0043122056427543,-0.0853237730174335
7.250,0.350,0.2887310847995329,-0.0036146744470122,-0.0861028827291564
7.350,0.350,0.2900546560677724,-0.0029751285617680,-0.0868907138872273
7.450,0.350,0.2911428768283000,-0.0023911652423093,-0.0876851798917009
7.550,0.350,0.2920182950072800,-0.0018602338403653,-0.0884846270398465
7.650,0.350,0.2927018928777249,-0.0013796829539658,-0.0892877581391619
7.750,0.350,0.2932131005450134,-0.0009468022742315,-0.0900935670405342
7.850,0.350,0.2935698323169482,-0.0005588593944320,-0.0909012831501402
7.950,0.350,0.2937885405564011,-0.0002131317828209,-0.0917103248731598
8.050,0.350,0.2938842823146973,0.0000930658874878,-0.0925202609162763
8.150,0.350,0.2938707947420994,0.0003623588340308,-0.0933307784049235
8.250,0.350,0.2937605759379052,0.0005972934292590,-0.0941416568359303
8.350,0.350,0.2935649685167971,0.0008003223357084,-0.0949527469717851
8.450,0.350,0.2932942437189262,0.0009737931790176,-0.0957639538782347
8.550,0.350,0.2929576843736801,0.0011199404008572,-0.0965752234045872
8.650,0.350,0.2925636654411541,0.0012408799210501,-0.0973865315007167
8.750,0.350,0.2921197312039188,0.0013386062372333,-0.0981978758530788
8.850,0.350,0.2916326684699790,0.0014149916000051,-0.0990092694022342
8.950,0.350,0.2911085753819612,0.0014717869196387,-0.0998207353756449
5.550,0.450,0.2812912476257147,-0.0330339939332445,-0.0797405347573079
5.650,0.450,0.2900394477736576,-0.0308819898857906,-0.0793164370807320
5.750,0.450,0.2981250405395820,-0.0287299022713990,-0.0790745529058047
5.850,0.450,0.3055617585670606,-0.0266002970055698,-0.0789939608459726
5.950,0.450,0.3123679446539389,-0.0245120869921471,-0.0790546987684551
6.050,0.450,0.3185658420760370,-0.0224807899807751,-0.0792380871604333
6.150,0.450,0.3241808885196755,-0.0205188378588454,-0.0795269457318856
6.250,0.450,0.3292410268963415,-0.0186359066904615,-0.0799057160040506
6.350,0.450,0.3337760462120557,-0.0168392457997477,-0.0803605049503831
6.450,0.450,0.3378169646035721,-0.0151339919480596,-0.0808790654967767
6.550,0.450,0.3413954647579822,-0.0135234607617919,-0.0814507292084621
6.650,0.450,0.3445433894438263,-0.0120094119808494,-0.0820663051609075
6.750,0.450,0.3472923020920379,-0.0105922880015397,-0.0827179571481299
6.850,0.450,0.3496731145571146,-0.0092714268824763,-0.0833990693049879
6.950,0.450,0.3517157815974180,-0.0080452517976811,-0.0841041081252834
7.050,0.450,0.3534490594043743,-0.0069114391592682,-0.0848284868948083
7.150,0.450,0.3549003237768401,-0.0058670675375430,-0.0855684368200016
7.250,0.450,0.3560954423075460,-0.0049087492577273,-0.0863208876641447
7.350,0.450,0.3570586942012551,-0.0040327462668626,-0.0870833595144707
7.450,0.450,0.3578127310225380,-0.0032350716083003,-0.0878538663817411
7.550,0.450,0.3583785716994379,-0.0025115776441028,-0.0886308316507576
7.650,0.450,0.3587756254055137,-0.0018580320327883,-0.0894130149206213
7.750,0.450,0.3590217364276291,-0.0012701823924788,-0.0901994494601614
7.850,0.450,0.3591332457294825,-0.0007438105427289,-0.0909893893211920
7.950,0.450,0.3591250645823736,-0.0002747772062455,-0.0917822650681782
8.050,0.450,0.3590107563087854,0.0001409419496643,-0.0925776470702229
8.150,0.450,0.3588026228370005,0.0005072280534326,-0.0933752153377069
8.250,0.450,0.3585117933730347,0.0008277976812960,-0.0941747349537636
8.350,0.450,0.3581483130455299,0.0011061875703866,-0.0949760362366167
8.450,0.450,0.3577212298628892,0.0013457445736213,-0.0957789988627873
8.550,0.450,0.3572386787382547,0.0015496200801457,-0.0965835392763084
8.650,0.450,0.3567079616889145,0.0017207681776772,-0.0973896008007412
8.750,0.450,0.3561356236069675,0.0018619468928524,-0.0981971459560471
8.850,0.450,0.3555275232335022,0.0019757219099278,-0.0990061505596522
8.950,0.450,0.3548888991556768,0.0020644722343840,-0.0998165992596830
5.550,0.550,0.3630479986603847,-0.0413606147651253,-0.0807132401544499
5.650,0.550,0.3701476701221202,-0.0385436214384337,-0.0802786977028064
5.750,0.550,0.3766041779616416,-0.0357442800863129,-0.0800189866024486
5.850,0.550,0.3824434363129113,-0.0329892019614492,-0.0799138916958679
5.950,0.550,0.3876940820944827,-0.0303006601191181,-0.0799442712454544
6.050,0.550,0.3923868395859705,-0.0276968615066437,-0.0800923310037722
6.150,0.550,0.3965539171170541,-0.0251922796307089,-0.0803417977808526
6.250,0.550,0.4002284419781702,-0.0227980178319062,-0.0806780065552096
6.350,0.550,0.4034439402885138,-0.0205221812377978,-0.0810879165991504
6.450,0.550,0.4062338681835369,-0.0183702422947695,-0.0815600721447214
6.550,0.550,0.4086311994520370,-0.0163453901561353,-0.0820845221694602
6.650,0.550,0.4106680729311091,-0.0144488581691614,-0.0826527122795186
6.750,0.550,0.4123755008635557,-0.0126802264559045,-0.0832573597134172
6.850,0.550,0.4137831373183635,-0.0110376983854115,-0.0838923204230490
6.950,0.550,0.4149191038889022,-0.0095183508512553,-0.0845524551851141
7.050,0.550,0.4158098683566606,-0.0081183589253613,-0.0852334998717109
7.150,0.550,0.4164801709076911,-0.0068331958316560,-0.0859319434285906
7.250,0.550,0.4169529918208086,-0.0056578093940347,-0.0866449157995379
7.350,0.550,0.4172495542735420,-0.0045867762403570,-0.0873700869932865
7.450,0.550,0.4173893559703452,-0.0036144351313602,-0.0881055776947492
7.550,0.550,0.4173902236122011,-0.0027350008508134,-0.0888498812441830
7.650,0.550,0.4172683847216228,-0.0019426601470595,-0.0896017964110234
7.750,0.550,0.4170385519430683,-0.0012316512552441,-0.0903603701380869
7.850,0.550,0.4167140155975392,-0.0005963285503528,-0.0911248492938670
7.950,0.550,0.4163067409359562,-0.0000312138804041,-0.0918946404168881
8.050,0.550,0.4158274671751029,0.0004689638950233,-0.0926692764424001
8.150,0.550,0.4152858059900802,0.0009092396830052,-0.0934483894484686
8.250,0.550,0.4146903376648595,0.0012943918426114,-0.0942316885305567
8.350,0.550,0.4140487035617256,0.0016289294537362,-0.0950189419994208
8.450,0.550,0.4133676939602338,0.0019170859452751,-0.0958099631882531
8.550,0.550,0.4126533306399429,0.0021628179670957,-0.0966045992456389
8.650,0.550,0.4119109438437969,0.0023698085036504,-0.0974027223772263
8.750,0.550,0.4111452434673933,0.0025414733414335,-0.0982042230787191
8.850,0.550,0.4103603844805223,0.0026809701145205,-0.0990090049746659
8.950,0.550,0.4095600267085026,0.0027912092595599,-0.0998169809410858
5.550,0.650,0.4429435253120391,-0.0476517493450163,-0.0820801797586735
5.650,0.650,0.4476977783889106,-0.0442057170102125,-0.0816261297037226
5.750,0.650,0.4518758974931043,-0.0408078432841924,-0.0813366129194773
5.850,0.650,0.4555145371715354,-0.0374866837689523,-0.0811926699422753
5.950,0.650,0.4586509001516600,-0.0342658692713698,-0.0811764996971091
6.050,0.650,0.4613222518547161,-0.0311644181686539,-0.0812716728180290
6.150,0.650,0.4635654834649707,-0.0281971119127335,-0.0814632551616500
6.250,0.650,0.4654167245477965,-0.0253749051246095,-0.0817378560383157
6.350,0.650,0.4669110071891359,-0.0227053486567768,-0.0820836162233462
6.450,0.650,0.4680819835049623,-0.0201930098449493,-0.0824901502536166
6.550,0.650,0.4689616974304720,-0.0178398788399461,-0.0829484562040734
6.650,0.650,0.4695804102901381,-0.0156457534950834,-0.0834508043811347
6.750,0.650,0.4699664780931370,-0.0136085979587851,-0.0839906144175671
6.850,0.650,0.4701462770476323,-0.0117248720842234,-0.0845623282977336
6.950,0.650,0.4701441726098319,-0.0099898301997307,-0.0851612850154692
7.050,0.650,0.4699825265658266,-0.0083977888340764,-0.0857836009499904
7.150,0.650,0.4696817362044455,-0.0069423637701074,-0.0864260586775775
7.250,0.650,0.4692602995484653,-0.0056166773853681,-0.0870860058266165
7.350,0.650,0.4687349008109674,-0.0044135376790177,-0.0877612647183587
7.450,0.650,0.4681205106623090,-0.0033255907118278,-0.0884500528899351
7.550,0.650,0.4674304964587900,-0.0023454484195867,-0.0891509141378845
7.650,0.650,0.4666767382313738,-0.0014657939126856,-0.0898626594161283
7.750,0.650,0.4658697469076066,-0.0006794664558397,-0.0905843167397056
7.850,0.650,0.4650187819004687,0.0000204716593009,-0.0913150891556493
7.950,0.650,0.4641319658151606,0.0006406841705058,-0.0920543198202582
8.050,0.650,0.4632163945801326,0.0011875237309616,-0.0928014632471901
8.150,0.650,0.4622782417925426,0.0016670066392481,-0.0935560618468935
8.250,0.650,0.4613228564779413,0.0020847975670289,-0.0943177269524263
8.350,0.650,0.4603548538013272,0.0024462025947720,-0.0950861236102676
8.450,0.650,0.4593781985371658,0.0027561690319450,-0.0958609585006998
8.550,0.650,0.4583962813165019,0.0030192906672177,-0.0966419704361304
8.650,0.650,0.4574119878279058,0.0032398172608940,-0.0974289229644252
8.750,0.650,0.4564277612637705,0.0034216672518583,-0.0982215986762669
8.850,0.650,0.4554456583819760,0.0035684428017111,-0.0990197948798849
8.950,0.650,0.4544673996022963,0.0036834464373707,-0.0998233203630939
5.550,0.750,0.5139142688248429,-0.0513159571021298,-0.0838342292647439
5.650,0.750,0.5158930674749790,-0.0473296574942618,-0.0833476499200774
5.750,0.750,0.5174173424815209,-0.0434320058216640,-0.0830131267472246
5.850,0.750,0.5185302395894263,-0.0396512151770199,-0.0828135001702937
5.950,0.750,0.5192732772433316,-0.0360101645164987,-0.0827327941730546
6.050,0.750,0.5196860759678708,-0.0325267640047684,-0.0827563664207300
6.150,0.750,0.5198061415228356,-0.0292143817983736,-0.0828709825577546
6.250,0.750,0.5196686992329577,-0.0260823051957975,-0.0830648286922431
6.350,0.750,0.5193065775741588,-0.0231362148338443,-0.0833274758863470
6.450,0.750,0.5187501388853455,-0.0203786555843449,-0.0836498094732286
6.550,0.750,0.5180272543363469,-0.0178094919646478,-0.0840239345124020
6.650,0.750,0.5171633193502349,-0.0154263392793419,-0.0844430669272474
6.750,0.750,0.5161813048045275,-0.0132249644607759,-0.0849014180384595
6.850,0.750,0.5151018386814620,-0.0111996527814365,-0.0853940784563422
6.950,0.750,0.5139433124796386,-0.0093435383708093,-0.0859169057143744
7.050,0.750,0.5127220066487177,-0.0076488978641795,-0.0864664186658353
7.150,0.750,0.5114522295320707,-0.0061074076045825,-0.0870397005420081
7.250,0.750,0.5101464647407310,-0.0047103656608591,-0.0876343116795556
7.350,0.750,0.5088155224683933,-0.0034488805529405,-0.0882482122465067
7.450,0.750,0.5074686909262418,-0.0023140290214836,-0.0888796948034047
7.550,0.750,0.5061138847717723,-0.0012969854697799,-0.0895273261979473
7.650,0.750,0.5047577880833314,-0.0003891258657706,-0.0901898980775009
7.750,0.750,0.5034059900602458,0.0004178910565284,-0.0908663851862631
7.850,0.750,0.5020631121873695,0.0011320624929545,-0.0915559105680321
7.950,0.750,0.5007329260825877,0.0017609974634957,-0.0922577168010372
8.050,0.750,0.4994184616437944,0.0023118873608949,-0.0929711424314619
8.150,0.750,0.4981221054310255,0.0027914887995163,-0.0936956028341946
8.250,0.750,0.4968456894663899,0.0032061166221466,-0.0944305748031466
8.350,0.750,0.4955905708175573,0.0035616451446004,-0.0951755842520380
8.450,0.750,0.4943577024592545,0.0038635159416255,-0.0959301964848604
8.550,0.750,0.4931476959908109,0.0041167506956115,-0.0966940085699727
8.650,0.750,0.4919608768349973,0.0043259678368225,-0.0974666434209107
8.750,0.750,0.4907973325621833,0.0044954018966638,-0.0982477452494426
8.850,0.750,0.4896569549810193,0.0046289246716447,-0.0990369761117300
8.950,0.750,0.4885394766182520,0.0047300674540470,-0.0998340133167312
5.550,0.850,0.5690136094136715,-0.0520367157594745,-0.0859123266766040
5.650,0.850,0.5680773896914881,-0.0476567834989294,-0.0853783233374783
5.750,0.850,0.5668622793483228,-0.0434105753880283,-0.0849827458087526
5.850,0.850,0.5654116527580162,-0.0393237883285244,-0.0847106764170859
5.950,0.850,0.5637653660626025,-0.0354166123817237,-0.0845483324079230
6.050,0.850,0.5619597441597973,-0.0317041517526168,-0.0844831583726952
6.150,0.850,0.5600276187614538,-0.0281969021713052,-0.0845038584294267
6.250,0.850,0.5579984109341695,-0.0249012585361602,-0.0846003807729970
6.350,0.850,0.5558982519050680,-0.0218200315986177,-0.0847638665171091
6.450,0.850,0.5537501358994936,-0.0189529569652783,-0.0849865735158933
6.550,0.850,0.5515740986509756,-0.0162971836843481,-0.0852617843183116
6.650,0.850,0.5493874151788634,-0.0138477331470733,-0.0855837057655156
6.750,0.850,0.5472048105693715,-0.0115979219823270,-0.0859473661324741
6.850,0.850,0.5450386778527790,-0.0095397450838924,-0.0863485142361958
6.950,0.850,0.5428992976236227,-0.0076642169242912,-0.0867835236395303
7.050,0.850,0.5407950547525741,-0.0059616709191704,-0.0872493039962311
7.150,0.850,0.5387326483275083,-0.0044220178566562,-0.0877432207112296
7.250,0.850,0.5367172917771631,-0.0030349653410508,-0.0882630234161658
7.350,0.850,0.5347529009230888,-0.0017902008632288,-0.0888067832614994
7.450,0.850,0.5328422684359196,-0.0006775415429027,-0.0893728386762074
7.550,0.850,0.5309872238155307,0.0003129461699450,-0.0899597490167031
7.650,0.850,0.5291887785582829,0.0011908534590976,-0.0905662553922422
7.750,0.850,0.5274472566151450,0.0019653594290119,-0.0911912478916701
7.850,0.850,0.5257624105858711,0.0026451814960700,-0.0918337384262340
7.950,0.850,0.5241335243455419,0.0032385428553718,-0.0924928384292142
8.050,0.850,0.5225595029719240,0.0037531542278629,-0.0931677407026029
8.150,0.850,0.5210389509480953,0.0041962073520781,-0.0938577047641560
8.250,0.850,0.5195702396669782,0.0045743779556388,-0.0945620451176383
8.350,0.850,0.5181515652747023,0.0048938362125890,-0.0952801219398312
8.450,0.850,0.5167809978683794,0.0051602629551984,-0.0960113337463604
8.550,0.850,0.5154565230199625,0.0053788701569515,-0.0967551116623989
8.650,0.850,0.5141760765387016,0.0055544244330361,-0.0975109149825885
8.750,0.850,0.5129375733163276,0.0056912725133854,-0.0982782277564348
8.850,0.850,0.5117389310260504,0.0057933678301313,-0.0990565561809907
8.950,0.850,0.5105780893723236,0.0058642975261384,-0.0998454266219588
5.550,0.950,0.6024650893895899,-0.0498031460368097,-0.0882053747932520
5.650,0.950,0.5987877754265299,-0.0452287420331123,-0.0876094974798579
5.750,0.950,0.5950492265541042,-0.0408307761315375,-0.0871384160258248
5.850,0.950,0.5912860283394694,-0.0366306460999555,-0.0867797205592710
5.950,0.950,0.5875298779387100,-0.0326443415225247,-0.0865220166034462
6.050,0.950,0.5838078494662180,-0.0288829163006200,-0.0863549709202769
6.150,0.950,0.5801427000813643,-0.0253530079750052,-0.0862693125268381
6.250,0.950,0.5765532047822484,-0.0220573784305514,-0.0862567995013943
6.350,0.950,0.5730545088336952,-0.0189954552176526,-0.0863101612352310
6.450,0.950,0.5696584877860105,-0.0161638571915480,-0.0864230245083943
6.550,0.950,0.5663741062173889,-0.0135568922644580,-0.0865898303510250
6.650,0.950,0.5632077676473243,-0.0111670186857146,-0.0868057472333513
6.750,0.950,0.5601636494703273,-0.0089852643650590,-0.0870665848010596
6.850,0.950,0.5572440181793992,-0.0070016013273261,-0.0873687111966054
6.950,0.950,0.5544495215163335,-0.0052052744550165,-0.0877089760095054
7.050,0.950,0.5517794554415927,-0.0035850852800738,-0.0880846400863272
7.150,0.950,0.5492320049174170,-0.0021296327800038,-0.0884933127953312
7.250,0.950,0.5468044584200232,-0.0008275139737196,-0.0889328968637661
7.350,0.950,0.5444933968326767,0.0003325123430479,-0.0894015405650950
7.450,0.950,0.5422948579273736,0.0013613950792358,-0.0898975968050776
7.550,0.950,0.5402044780343661,0.0022696897900912,-0.0904195885165450
7.650,0.950,0.5382176127473176,0.0030674833550293,-0.0909661797020182
7.750,0.950,0.5363294386414263,0.0037643408082791,-0.0915361514429876
7.850,0.950,0.5345350380166094,0.0043692709549357,-0.0921283822097615
7.950,0.950,0.5328294686404185,0.0048907076701732,-0.0927418318443044
8.050,0.950,0.5312078203758293,0.0053365040724130,-0.0933755286411618
8.150,0.950,0.5296652604544633,0.0057139370655784,-0.0940285590114382
8.250,0.950,0.5281970690101752,0.0060297200485960,-0.0947000592768608
8.350,0.950,0.5267986663320152,0.0062900218827870,-0.0953892092017555
8.450,0.950,0.5254656331378451,0.0065004904832696,-0.0960952269280241
8.550,0.950,0.5241937250161400,0.0066662796547916,-0.0968173650306536
8.650,0.950,0.5229788820378924,0.0067920780231497,-0.0975549074581897
8.750,0.950,0.5218172344056310,0.0068821391195574,-0.0983071671638451
8.850,0.950,0.5207051048837361,0.0069403118570752,-0.0990734842685850
8.950,0.950,0.5196390086439964,0.0069700707963652,-0.0998532246279791
5.550,1.050,0.6104945766578763,-0.0449283180753952,-0.0905702103687940
5.650,1.050,0.6045608398131326,-0.0403935523648054,-0.0899009737502129
5.750,1.050,0.5988026326884586,-0.0360684699691707,-0.0893439812739056
5.850,1.050,0.5932433750989756,-0.0319689853559309,-0.0888893835365305
5.950,1.050,0.5879009088565214,-0.0281059897943745,-0.0885281729738903
6.050,1.050,0.5827880420167105,-0.0244858626934000,-0.0882521968987396
6.150,1.050,0.5779131117739141,-0.0211110140898936,-0.0880541395211884
6.250,1.050,0.5732805484979313,-0.0179804344786761,-0.0879274813013615
6.350,1.050,0.5688914261006016,-0.0150902330451423,-0.0878664429605224
6.450,1.050,0.5647439868034433,-0.0124341499868135,-0.0878659203019358
6.550,1.050,0.5608341312828780,-0.0100040327814641,-0.0879214147904269
6.650,1.050,0.5571558679439325,-0.0077902698603956,-0.0880289636980302
6.750,1.050,0.5537017175921833,-0.0057821781325670,-0.0881850725984370
6.850,1.050,0.5504630719521071,-0.0039683431893306,-0.0883866521148263
6.950,1.050,0.5474305062728835,-0.0023369128469501,-0.0886309601036708
7.050,1.050,0.5445940476608200,-0.0008758460216269,-0.0889155498867747
7.150,1.050,0.5419434017996603,0.0004268801453553,-0.0892382247116356
7.250,1.050,0.5394681414042573,0.0015831014112788,-0.0895969983079515
7.350,1.050,0.5371578601487980,0.0026043319891795,-0.0899900611956367
7.450,1.050,0.5350022959716512,0.0035016606164262,-0.0904157522672728
7.550,1.050,0.5329914276377232,0.0042856732600154,-0.0908725350973257
7.650,1.050,0.5311155482846551,0.0049663987419203,-0.0913589784058501
7.750,1.050,0.5293653194332761,0.0055532738010076,-0.0918737401124528
7.850,1.050,0.5277318086405599,0.0060551243883551,-0.0924155544462688
7.950,1.050,0.5262065136427360,0.0064801602985614,-0.0929832216212060
8.050,1.050,0.5247813754982533,0.0068359805543743,-0.0935755996363798
8.150,1.050,0.5234487829103701,0.0071295872734709,-0.0941915978148907
8.250,1.050,0.5222015695975895,0.0073674060457723,-0.0948301717466332
8.350,1.050,0.5210330062935512,0.0075553111312763,-0.0954903193505734
8.450,1.050,0.5199367886997084,0.0076986540482270,-0.0961710778175955
8.550,1.050,0.5189070224854505,0.0078022943573908,-0.0968715212359276
8.650,1.050,0.5179382062308434,0.0078706316594436,-0.0975907587371044
8.750,1.050,0.5170252130353965,0.0079076380091403,-0.0983279330314827
8.850,1.050,0.5161632713701151,0.0079168901128839,-0.0990822192287766
8.950,1.050,0.5153479456270809,0.0079016008168938,-0.0998528238613076
5.550,1.150,0.5918684749142570,-0.0380307061518140,-0.0928475973300886
5.650,1.150,0.5844273290568106,-0.0337772478189215,-0.0920987393584159
5.750,1.150,0.5773877272189865,-0.0297513368537111,-0.0914514697606143
5.850,1.150,0.5707553859808533,-0.0259629548797002,-0.0908983445054110
5.950,1.150,0.5645305287811647,-0.0224177252240849,-0.0904325588826926
6.050,1.150,0.5587086785343479,-0.0191174362847461,-0.0900479413697058
6.150,1.150,0.5532814316275448,-0.0160605751051662,-0.0897389277455903
6.250,1.150,0.5482371934250876,-0.0132428511010349,-0.0895005215852513
6.350,1.150,0.5435618604055560,-0.0106576949018068,-0.0893282463220416
6.450,1.150,0.5392394388412285,-0.0082967218008848,-0.0892180930859014
6.550,1.150,0.5352525942501015,-0.0061501531858685,-0.0891664675779617
6.650,1.150,0.5315831295453105,-0.0042071924867345,-0.0891701383852343
6.750,1.150,0.5282123927980906,-0.0024563546517813,-0.0892261883983382
6.850,1.150,0.5251216178109238,-0.0008857500035238,-0.0893319703820146
6.950,1.150,0.5222922023115580,0.0005166753708160,-0.0894850672607265
7.050,1.150,0.5197059296045481,0.0017629396795617,-0.0896832573100138
7.150,1.150,0.5173451400507592,0.0028648624116443,-0.0899244841740150
7.250,1.150,0.5151928588879134,0.0038339344745805,-0.0902068314443104
7.350,1.150,0.5132328867533708,0.0046812176625413,-0.0905285014185263
7.450,1.150,0.5114498589105014,0.0054172697189909,-0.0908877975937635
7.550,1.150,0.5098292786857911,0.0060520914395338,-0.0912831104263619
7.650,1.150,0.5083575300546435,0.0065950925018230,-0.0917129058944711
7.750,1.150,0.5070218737157027,0.0070550729854921,-0.0921757164240807
7.850,1.150,0.5058104304001509,0.0074402178376323,-0.0926701337753371
7.950,1.150,0.5047121545973459,0.0077581018351062,-0.0931948035285782
8.050,1.150,0.5037168013563037,0.0080157028845678,-0.0937484208545109
8.150,1.150,0.5028148883523152,0.0082194217779774,-0.0943297272975066
8.250,1.150,0.5019976549929588,0.0083751067813194,-0.0949375083431892
8.350,1.150,0.5012570199777655,0.0084880816744534,-0.0955705915802103
8.450,1.150,0.5005855384184748,0.0085631760790543,-0.0962278453007117
8.550,1.150,0.4999763593681386,0.0086047571088594,-0.0969081774143039
8.650,1.150,0.4994231843925672,0.0086167615520647,-0.0976105345764473
8.750,1.150,0.4989202276415922,0.0086027279503504,-0.0983339014541781
8.850,1.150,0.4984621777353243,0.0085658280736899,-0.0990773000705183
8.950,1.150,0.4980441616670591,0.0085088974061194,-0.0998397891840161
5.550,1.250,0.5481588024524592,-0.0299654647926033,-0.0948877630236866
5.650,1.250,0.5401274904502261,-0.0262103142606577,-0.0940594848802312
5.750,1.250,0.5326816115887782,-0.0226815652800544,-0.0933244975081356
5.850,1.250,0.5258074145371652,-0.0193836295477321,-0.0926774408755758
5.950,1.250,0.5194865291823479,-0.0163174592909713,-0.0921133894381796
6.050,1.250,0.5136969267152783,-0.0134810398666710,-0.0916278382158599
6.150,1.250,0.5084138131815605,-0.0108698707850032,-0.0912166774881271
6.250,1.250,0.5036104399392352,-0.0084774211846084,-0.0908761603014623
6.350,1.250,0.4992588210814796,-0.0062955504110007,-0.0906028662031294
6.450,1.250,0.4953303536074539,-0.0043148882062466,-0.0903936638579680
6.550,1.250,0.4917963407991589,-0.0025251720609033,-0.0902456745126074
6.650,1.250,0.4886284228489309,-0.0009155415531457,-0.0901562376705050
6.750,1.250,0.4857989213362003,0.0005252088974054,-0.0901228798417404
6.850,1.250,0.4832811057889161,0.0018084163815424,-0.0901432868333393
6.950,1.250,0.4810493914323195,0.0029453718539083,-0.0902152797418084
7.050,1.250,0.4790794774833963,0.0039471750755750,-0.0903367945881886
7.150,1.250,0.4773484351455133,0.0048246186476355,-0.0905058653842466
7.250,1.250,0.4758347539307040,0.0055880977010534,-0.0907206103230583
7.350,1.250,0.4745183542025080,0.0062475419654429,-0.0909792207358439
7.450,1.250,0.4733805729831465,0.0068123671518197,-0.0912799524383617
7.550,1.250,0.4724041291767266,0.0072914428250242,-0.0916211190951958
7.650,1.250,0.4715730734772446,0.0076930741930728,-0.0920010872511391
7.750,1.250,0.4708727273922341,0.0080249954922074,-0.0924182727096281
7.850,1.250,0.4702896150426080,0.0082943728912727,-0.0928711379741642
7.950,1.250,0.4698113907088726,0.0085078150733277,-0.0933581905065095
8.050,1.250,0.4694267644882482,0.0086713898738451,-0.0938779815927772
8.150,1.250,0.4691254279056991,0.0087906455621515,-0.0944291056437738
8.250,1.250,0.4688979808801446,0.0088706355451766,-0.0950101997881316
8.350,1.250,0.4687358610788737,0.0089159454497226,-0.0956199436453831
8.450,1.250,0.4686312763906938,0.0089307217011767,-0.0962570591910205
8.550,1.250,0.4685771410037127,0.0089187008629519,-0.0969203106467954
8.650,1.250,0.4685670153787971,0.0088832391321795,-0.0976085043472873
8.750,1.250,0.4685950502573390,0.0088273415037558,-0.0983204885483720
8.850,1.250,0.4686559347249289,0.0087536902173266,-0.0990551531550326
8.950,1.250,0.4687448482649310,0.0086646721909617,-0.0998114293553188
5.550,1.350,0.4837024889985432,-0.0217047739553159,-0.0965788149257012
5.650,1.350,0.4760260561921763,-0.0186090357366922,-0.0956774766628083
5.750,1.350,0.4690499436726918,-0.0157190577804875,-0.0948636040039348
5.850,1.350,0.4627426074332834,-0.0130348319771621,-0.0941334967301198
5.950,1.350,0.4570694076457310,-0.0105539192772295,-0.0934837042590165
6.050,1.350,0.4519936029648872,-0.0082718614814275,-0.0929110119877316
6.150,1.350,0.4474772342444535,-0.0061825650851875,-0.0924124218791168
6.250,1.350,0.4434818895673327,-0.0042786505059121,-0.0919851299516917
6.350,1.350,0.4399693491074398,-0.0025517635361121,-0.0916265027416666
6.450,1.350,0.4369021135114230,-0.0009928484733438,-0.0913340542628271
6.550,1.350,0.4342438232518812,0.0004076158302032,-0.0911054245178443
6.650,1.350,0.4319595788919325,0.0016594146387218,-0.0909383602220859
6.750,1.350,0.4300161736054415,0.0027724277661735,-0.0908306980885876
6.850,1.350,0.4283822498307233,0.0037564885852947,-0.0907803507849761
6.950,1.350,0.4270283918084136,0.0046212684403247,-0.0907852955009561
7.050,1.350,0.4259271651571451,0.0053761834506149,-0.0908435649480581
7.150,1.350,0.4250531137367601,0.0060303209237934,-0.0909532405411398
7.250,1.350,0.4243827229698584,0.0065923828534271,-0.0911124474736753
7.350,1.350,0.4238943576402709,0.0070706442285278,-0.0913193513873434
7.450,1.350,0.4235681810359039,0.0074729241161781,-0.0915721563433746
7.550,1.350,0.4233860612046696,0.0078065676886221,-0.0918691038223943
7.650,1.350,0.4233314690785166,0.0080784375526164,-0.0922084725063355
7.750,1.350,0.4233893723100733,0.0082949129046291,-0.0925885786266458
7.850,1.350,0.4235461278666890,0.0084618951845447,-0.0930077766948706
7.950,1.350,0.4237893757375248,0.0085848190366110,-0.0934644604627655
8.050,1.350,0.4241079355258119,0.0086686675124590,-0.0939570639882258
8.150,1.350,0.4244917072121300,0.0087179905692182,-0.0944840627096834
8.250,1.350,0.4249315769757052,0.0087369260272737,-0.0950439744548758
8.350,1.350,0.4254193286387325,0.0087292222575752,-0.0956353603299245
8.450,1.350,0.4259475610431298,0.0086982619676697,-0.0962568254515185
8.550,1.350,0.4265096114699459,0.0086470865485161,-0.0969070194989168
8.650,1.350,0.4270994850598018,0.0085784205303041,-0.0975846370737026
8.750,1.350,0.4277117900800129,0.0084946957745640,-0.0982884178640736
8.850,1.350,0.4283416788032337,0.0083980751015670,-0.0990171466172306
8.950,1.350,0.4289847937073631,0.0082904751162363,-0.0997696529284605
5.550,1.450,0.4050667475578816,-0.0141791008336983,-0.0978682079414157
5.650,1.450,0.3985532866842618,-0.0118242613924618,-0.0969045897697865
5.750,1.450,0.3927702616073867,-0.0096382186947167,-0.0960249240873856
5.850,1.450,0.3876735306560776,-0.0076182576337309,-0.0952267134031589
5.950,1.450,0.3832176690502465,-0.0057602397880725,-0.0945075590032351
6.050,1.450,0.3793568477114628,-0.0040588945861312,-0.0938651522564019
6.150,1.450,0.3760455781348869,-0.0025080759770563,-0.0932972635187775
6.250,1.450,0.3732393251565969,-0.0011009846510704,-0.0928017301881143
6.350,1.450,0.3708949944808197,0.0001696422104931,-0.0923764450414789
6.450,1.450,0.3689713052825110,0.0013113705696771,-0.0920193456280530
6.550,1.450,0.3674290602806063,0.0023319350043431,-0.0917284051890837
6.650,1.450,0.3662313266376251,0.0032391264643562,-0.0915016253399512
6.750,1.450,0.3653435411396452,0.0040406990317719,-0.0913370305705213
6.850,1.450,0.3647335525860071,0.0047442928239826,-0.0912326644922695
6.950,1.450,0.3643716133772706,0.0053573706407689,-0.0911865876758243
7.050,1.450,0.3642303311019021,0.0058871663953194,-0.0911968768720981
7.150,1.450,0.3642845896176421,0.0063406437483648,-0.0912616253862552
7.250,1.450,0.3645114477990234,0.0067244636685090,-0.0913789443694172
7.350,1.450,0.3648900228447860,0.0070449598705568,-0.0915469648024155
7.450,1.450,0.3654013638510958,0.0073081212461340,-0.0917638399643353
7.550,1.450,0.3660283202832003,0.0075195805105045,-0.0920277482022959
7.650,1.450,0.3667554090305090,0.0076846083605675,-0.0923368958451248
7.750,1.450,0.3675686829096584,0.0078081124848090,-0.0926895201302169
7.850,1.450,0.3684556027819931,0.0078946407974679,-0.0930838920385131
7.950,1.450,0.3694049148673101,0.0079483882946819,-0.0935183189562773
8.050,1.450,0.3704065343535711,0.0079732069555820,-0.0939911471036133
8.150,1.450,0.3714514360108148,0.0079726181396162,-0.0945007636882290
8.250,1.450,0.3725315522046709,0.0079498269643715,-0.0950455987587324
8.350,1.450,0.3736396784593329,0.0079077381860526,-0.0956241267448504
8.450,1.450,0.3747693865310359,0.0078489731469165,-0.0962348676825703
8.550,1.450,0.3759149448114982,0.0077758873991474,-0.0968763881305492
8.650,1.450,0.3770712457780573,0.0076905886615140,-0.0975473017905087
8.750,1.450,0.3782337401359574,0.0075949548122313,-0.0982462698489632
8.850,1.450,0.3793983772523072,0.0074906516674985,-0.0989720010608336
8.950,1.450,0.3805615514551526,0.0073791503390943,-0.0997232515974844
5.550,1.550,0.3198602691263018,-0.0081085844312639,-0.0987676160499172
5.650,1.550,0.3150304210251552,-0.0064870141830052,-0.0977544228458442
5.750,1.550,0.3108771656962908,-0.0049874753106611,-0.0968236403863147
5.850,1.550,0.3073514934404944,-0.0036063791045242,-0.0959735462352898
5.950,1.550,0.3044047180524141,-0.0023395537895515,-0.0952024043940993
6.050,1.550,0.3019891315797705,-0.0011824008714478,-0.0945084636197004
6.150,1.550,0.3000585304285195,-0.0001300202641328,-0.0938899550321992
6.250,1.550,0.2985686217897530,0.0008226910480294,-0.0933450898219875
6.350,1.550,0.2974773221158544,0.0016809617029208,-0.0928720575943074
6.450,1.550,0.2967449608251506,0.0024500851379069,-0.0924690256653986
6.550,1.550,0.2963344028486108,0.0031353709977007,-0.0921341394497752
6.650,1.550,0.2962111033192755,0.0037421053231886,-0.0918655239488651
6.750,1.550,0.2963431068833979,0.0042755169178117,-0.0916612862612851
6.850,1.550,0.2967010029780172,0.0047407480754892,-0.0915195189776569
6.950,1.550,0.2972578471259117,0.0051428285224832,-0.0914383042912410
7.050,1.550,0.2979890569582232,0.0054866519481192,-0.0914157186435805
7.150,1.550,0.2988722903658746,0.0057769548734583,-0.0914498377263120
7.250,1.550,0.2998873119536881,0.0060182978465724,-0.0915387416718960
7.350,1.550,0.3010158528550874,0.0062150490806651,-0.0916805202835857
7.450,1.550,0.3022414679742286,0.0063713706930400,-0.0918732781758022
7.550,1.550,0.3035493938591748,0.0064912076845102,-0.0921151397181282
7.650,1.550,0.3049264096703700,0.0065782797430867,-0.0924042536979340
7.750,1.550,0.3063607030845124,0.0066360758813631,-0.0927387976372481
7.850,1.550,0.3078417424544162,0.0066678518381329,-0.0931169817182053
7.950,1.550,0.3093601561187597,0.0066766301013599,-0.0935370522879782
8.050,1.550,0.3109076194100455,0.0066652023478708,-0.0939972949283381
8.150,1.550,0.3124767496333568,0.0066361340482132,-0.0944960370869115
8.250,1.550,0.3140610090722548,0.0065917709539344,-0.0950316502769374
8.350,1.550,0.3156546159118948,0.0065342471683670,-0.0956025518600140
8.450,1.550,0.3172524628449063,0.0064654944991440,-0.0962072064321920
8.550,1.550,0.3188500430353477,0.0063872527988438,-0.0968441268380350
8.650,1.550,0.3204433830538470,0.0063010810169304,-0.0975118748401423
8.750,1.550,0.3220289823573390,0.0062083687090927,-0.0982090614733594
8.850,1.550,0.3236037588651025,0.0061103477770264,-0.0989343471136583
8.950,1.550,0.3251650001750875,0.0060081042407394,-0.0996864412916600
5.550,1.650,0.2351445756988670,-0.0038699649888680,-0.0993380971153291
5.650,1.650,0.2321411593359943,-0.0028935383417559,-0.0982875077677743
5.750,1.650,0.2296943802369321,-0.0019909547696576,-0.0973193286134009
5.850,1.650,0.2277586466911846,-0.0011592007743695,-0.0964322578483154
5.950,1.650,0.2262896768520717,-0.0003952671763850,-0.0956249028884685
6.050,1.650,0.2252448988713982,0.0003038147448961,-0.0948957861021856
6.150,1.650,0.2245837508960150,0.0009409590723977,-0.0942433504292859
6.250,1.650,0.2242678922070806,0.0015190259502026,-0.0936659652371733
6.350,1.650,0.2242613375471577,0.0020408309248225,-0.0931619326015452
6.450,1.650,0.2245305266304045,0.0025091578564325,-0.0927294940754263
6.550,1.650,0.2250443402214486,0.0029267716035002,-0.0923668379216883
6.650,1.650,0.2257740732111017,0.0032964279218077,-0.0920721067258932
6.750,1.650,0.2266933739772168,0.0036208791165340,-0.0918434052723553
6.850,1.650,0.2277781581176505,0.0039028748869213,-0.0916788085511017
6.950,1.650,0.2290065034620161,0.0041451584863274,-0.0915763697618007
7.050,1.650,0.2303585321616071,0.0043504587919409,-0.0915341281884338
7.150,1.650,0.2318162846512043,0.0045214791612555,-0.0915501168320588
7.250,1.650,0.2333635893848555,0.0046608840792221,-0.0916223697058182
7.350,1.650,0.2349859314715212,0.0047712846068320,-0.0917489287144594
7.450,1.650,0.2366703226705218,0.0048552235637248,-0.0919278500586685
7.550,1.650,0.2384051746420517,0.0049151612454201,-0.0921572101216168
7.650,1.650,0.2401801768741026,0.0049534623158144,-0.0924351108106934
7.750,1.650,0.2419861803131004,0.0049723843477661,-0.0927596843411545
7.850,1.650,0.2438150874009186,0.0049740683234263,-0.0931290974602546
7.950,1.650,0.2456597489560738,0.0049605312610448,-0.0935415551203201
8.050,1.650,0.2475138681231801,0.0049336610117691,-0.0939953036172833
8.150,1.650,0.2493719114444868,0.0048952131707185,-0.0944886332175329
8.250,1.650,0.2512290269738354,0.0048468099712922,-0.0950198803007507
8.350,1.650,0.2530809692508410,0.0047899409785854,-0.0955874290498251
8.450,1.650,0.2549240308764406,0.0047259653643202,-0.0961897127211948
8.550,1.650,0.2567549803758018,0.0046561155287288,-0.0968252145302110
8.650,1.650,0.2585710059971462,0.0045815018311561,-0.0974924681865011
8.750,1.650,0.2603696650720745,0.0045031181976667,-0.0981900581140329
8.850,1.650,0.2621488385516546,0.0044218483878646,-0.0989166193897194
8.950,1.650,0.2639066903305053,0.0043384727220345,-0.0996708374331485
5.550,1.750,0.1561689324377882,-0.0014414049312905,-0.0996621940029907
5.650,1.750,0.1547548828444535,-0.0009654687652012,-0.0985839475716112
5.750,1.750,0.1537395594833689,-0.0005217871092725,-0.0975892092056054
5.850,1.750,0.1530875372453466,-0.0001086562072625,-0.0966768368028652
5.950,1.750,0.1527649243674350,0.0002752924687831,-0.0958455473937622
6.050,1.750,0.1527395465225147,0.0006311423122408,-0.0950939299136736
6.150,1.750,0.1529810693104224,0.0009597532682482,-0.0944204578205703
6.250,1.750,0.1534610686997249,0.0012618275734563,-0.0938235016363001
6.350,1.750,0.1541530585118022,0.0015379735534735,-0.0933013414080820
6.450,1.750,0.1550324832349329,0.0017887631013723,-0.0928521790328111
6.550,1.750,0.1560766834800015,0.0020147799996854,-0.0924741503562569
6.650,1.750,0.1572648403674019,0.0022166576032437,-0.0921653369467717
6.750,1.750,0.1585779041496695,0.0023951055130104,-0.0919237774436978
6.850,1.750,0.1599985114749236,0.0025509257211667,-0.0917474783898222
6.950,1.750,0.1615108949049499,0.0026850193025266,-0.0916344244714548
7.050,1.750,0.1631007876238880,0.0027983850929769,-0.0915825881062821
7.150,1.750,0.1647553257031805,0.0028921119688316,-0.0915899383361925
7.250,1.750,0.1664629498142176,0.0029673663627685,-0.0916544489984854
7.350,1.750,0.1682133078882107,0.0030253765628933,-0.0917741061635559
7.450,1.750,0.1699971598995261,0.0030674151783147,-0.0919469148399152
7.550,1.750,0.1718062856817209,0.0030947809488127,-0.0921709049581320
7.650,1.750,0.1736333964642247,0.0031087808529142,-0.0924441366540130
7.750,1.750,0.1754720506336321,0.0031107132469156,-0.0927647048782650
7.850,1.750,0.1773165740700066,0.0031018525603854,-0.0931307433651288
7.950,1.750,0.1791619852804682,0.0030834358898105,-0.0935404279963006
8.050,1.750,0.1810039254454428,0.0030566516757272,-0.0939919795990450
8.150,1.750,0.1828385934043965,0.0030226305212843,-0.0944836662189448
8.250,1.750,0.1846626855350650,0.0029824381108853,-0.0950138049084067
8.350,1.750,0.1864733404212072,0.0029370701141101,-0.0955807630719821
8.450,1.750,0.1882680881570875,0.0028874489093810,-0.0961829594089460
8.550,1.750,0.1900448041006473,0.0028344219303227,-0.0968188644924529
8.650,1.750,0.1918016668604451,0.0027787614219018,-0.0974870010231290
8.750,1.750,0.1935371202826004,0.0027211653898454,-0.0981859437932052
8.850,1.750,0.1952498391920681,0.0026622595324720,-0.0989143193953408
8.950,1.750,0.1969386986365459,0.0026025999562693,-0.0996708057081909
5.550,1.850,0.0860325856655862,-0.0004420764019811,-0.0998165655198841
5.650,1.850,0.0856762409199822,-0.0002953385881001,-0.0987166707856556
5.750,1.850,0.0855503157631163,-0.0001516591836246,-0.0977020782026544
5.850,1.850,0.0856335418190989,-0.0000106422437654,-0.0967716367290192
5.950,1.850,0.0859057903272071,0.0001276442212609,-0.0959240224717389
6.050,1.850,0.0863481088969903,0.0002627653322408,-0.0951577578884737
6.150,1.850,0.0869427329495181,0.0003940198971876,-0.0944712304678916
6.250,1.850,0.0876730778602948,0.0005205375278495,-0.0938627108096380
6.350,1.850,0.0885237168309932,0.0006413671985186,-0.0933303700020925
6.450,1.850,0.0894803485184956,0.0007555538400249,-0.0928722961917468
6.550,1.850,0.0905297575328727,0.0008622010844539,-0.0924865102471838
6.650,1.850,0.0916597701315034,0.0009605195484440,-0.0921709804383601
6.750,1.850,0.0928592068035061,0.0010498610398389,-0.0919236360740404
6.850,1.850,0.0941178329538350,0.0011297397971120,-0.0917423800635760
6.950,1.850,0.0954263085432940,0.0011998423460409,-0.0916251003915091
7.050,1.850,0.0967761372961003,0.0012600278182523,-0.0915696805132549
7.150,1.850,0.0981596159256197,0.0013103206618511,-0.0915740086966456
7.250,1.850,0.0995697837283166,0.0013508976266354,-0.0916359863471859
7.350,1.850,0.1010003728357752,0.0013820707641723,-0.0917535353645842
7.450,1.850,0.1024457593791888,0.0014042679804040,-0.0919246045848338
7.550,1.850,0.1039009157982269,0.0014180124439263,-0.0921471753662812
7.650,1.850,0.1053613645088096,0.0014239019089956,-0.0924192663801919
7.750,1.850,0.1068231331270304,0.0014225887752854,-0.0927389376667579
7.850,1.850,0.1082827114268449,0.0014147614878159,-0.0931042940167286
7.950,1.850,0.1097370101861693,0.0014011276873136,-0.0935134877371575
8.050,1.850,0.1111833220500416,0.0013823993569871,-0.0939647208574861
8.150,1.850,0.1126192845112383,0.0013592800771029,-0.0944562468294901
8.250,1.850,0.1140428450794333,0.0013324543926644,-0.0949863717716915
8.350,1.850,0.1154522286806816,0.0013025792195188,-0.0955534553057832
8.450,1.850,0.1168459073009727,0.0012702771571975,-0.0961559110295243
8.550,1.850,0.1182225718614241,0.0012361315392554,-0.0967922066674921
8.650,1.850,0.1195811062893294,0.0012006830303324,-0.0974608639380655
8.750,1.850,0.1209205637288603,0.0011644275702925,-0.0981604581720825
8.850,1.850,0.1222401448181673,0.0011278154666276,-0.0988896177158131
8.950,1.850,0.1235391779458512,0.0010912514442173,-0.0996470231481630
5.550,1.950,0.0261418558135193,-0.0002554153460407,-0.0998575359928935
5.650,1.950,0.0261686738958827,-0.0002648257761757,-0.0987375431363675
5.750,1.950,0.0262654303794080,-0.0002632971339318,-0.0977050026611410
5.850,1.950,0.0264261854160574,-0.0002512304258397,-0.0967586629756390
5.950,1.950,0.0266454265438010,-0.0002294877691108,-0.0958970782033182
6.050,1.950,0.0269180209102546,-0.0001992820097696,-0.0951186331860405
6.150,1.950,0.0272391694622492,-0.0001620676921898,-0.0944215674697980
6.250,1.950,0.0276043657823443,-0.0001194391930270,-0.0938039981002244
6.350,1.950,0.0280093611248486,-0.0000730400942967,-0.0932639410769298
6.450,1.950,0.0284501362600121,-0.0000244862938812,-0.0927993313476650
6.550,1.950,0.0289228800073352,0.0000246959965405,-0.0924080412607396
6.650,1.950,0.0294239738283408,0.0000731173052404,-0.0920878974326407
6.750,1.950,0.0299499815358962,0.0001195577709649,-0.0918366960242017
6.850,1.950,0.0304976430293525,0.0001629871738740,-0.0916522164507271
6.950,1.950,0.0310638709456352,0.0002025738298296,-0.0915322335779440
7.050,1.950,0.0316457491893043,0.0002376842261893,-0.0914745284760865
7.150,1.950,0.0322405324364043,0.0002678753060228,-0.0914768978189526
7.250,1.950,0.0328456458699903,0.0002928812266872,-0.0915371620239632
7.350,1.950,0.0334586845779065,0.0003125962615547,-0.0916531722338710
7.450,1.950,0.0340774122100551,0.0003270553094524,-0.0918228162416757
7.550,1.950,0.0346997586427846,0.0003364132489390,-0.0920440234583741
7.650,1.950,0.0353238165261017,0.0003409241425836,-0.0923147690191871
7.750,1.950,0.0359478366930050,0.0003409210736490,-0.0926330771185442
7.850,1.950,0.0365702224891163,0.0003367971933578,-0.0929970236579358
7.950,1.950,0.0371895231370657,0.0003289883768967,-0.0934047382841850
8.050,1.950,0.0378044262862732,0.0003179577331771,-0.0938544058890800
8.150,1.950,0.0384137499183445,0.0003041820875660,-0.0943442676348558
8.250,1.950,0.0390164337844955,0.0002881404571518,-0.0948726215638871
8.350,1.950,0.0396115305475193,0.0002703044623716,-0.0954378228452351
8.450,1.950,0.0401981967895920,0.0002511305641444,-0.0960382837053900
8.550,1.950,0.0407756840312596,0.0002310539788998,-0.0966724730857337
8.650,1.950,0.0413433298881336,0.0002104841019092,-0.0973389160648571
8.750,1.950,0.0419005494718481,0.0001898012591524,-0.0980361930798846
8.850,1.950,0.0424468271218697,0.0001693546068685,-0.0987629389773820
8.950,1.950,0.0429817085356493,0.0001494610035854,-0.0995178419211726
9.050,0.050,0.0467317222702463,0.0002745711807175,-0.1007219225720702
9.150,0.050,0.0465773865809885,0.0002540188257216,-0.1015338648700397
9.250,0.050,0.0464252539132345,0.0002285145560671,-0.1023431591340597
9.350,0.050,0.0462767697573854,0.0001983057125943,-0.1031498694651218
9.450,0.050,0.0461332515385156,0.0001636434999162,-0.1039540661612625
9.550,0.050,0.0459958993228363,0.0001247790814244,-0.1047558240520983
9.650,0.050,0.0458658056383099,0.0000819604388865,-0.1055552211573776
9.750,0.050,0.0457439644762593,0.0000354298989044,-0.1063523376101608
9.850,0.050,0.0456312795372271,-0.0000145777666496,-0.1071472547962848
9.950,0.050,0.0455285717806589,-0.0000678367522626,-0.1079400546706767
9.050,0.150,0.1363438456740642,0.0005486820462009,-0.1006563681825351
9.150,0.150,0.1359671821427691,0.0005322229581718,-0.1014662905354640
9.250,0.150,0.1355819886955102,0.0005084993659864,-0.1022744735552722
9.350,0.150,0.1351911590195914,0.0004779933739676,-0.1030809767685310
9.450,0.150,0.1347972806147561,0.0004411681085849,-0.1038858629929307
9.550,0.150,0.1344026657549086,0.0003984659124960,-0.1046891970685266
9.650,0.150,0.1340093795400523,0.0003503071496941,-0.1054910448940078
9.750,0.150,0.1336192652498878,0.0002970895255936,-0.1062914727035945
9.850,0.150,0.1332339672100485,0.0002391878335515,-0.1070905465330304
9.950,0.150,0.1328549513770453,0.0001769540481087,-0.1078883318335316
9.050,0.250,0.2179131526222763,0.0009829369972405,-0.1006386165916945
9.150,0.250,0.2174165194409067,0.0009821797274427,-0.1014488052322644
9.250,0.250,0.2169013758692837,0.0009705508127788,-0.1022581470595827
9.350,0.250,0.2163715340657334,0.0009489129479029,-0.1030666962479016
9.450,0.250,0.2158304047998429,0.0009180715598570,-0.1038745076796118
9.550,0.250,0.2152810379097918,0.0008787765052795,-0.1046816360244623
9.650,0.250,0.2147261590447622,0.0008317241488519,-0.1054881351052453
9.750,0.250,0.2141682029394185,0.0007775597201452,-0.1062940574822424
9.850,0.250,0.2136093434733776,0.0007168798605228,-0.1070994542028434
9.950,0.250,0.2130515207675814,0.0006502352855534,-0.1079043746741747
9.050,0.350,0.2905529256143564,0.0015106240849535,-0.1006323035317667
9.150,0.350,0.2899706278866526,0.0015330194037057,-0.1014440073650970
9.250,0.350,0.2893660808317499,0.0015403779049736,-0.1022558820674825
9.350,0.350,0.2887432233420528,0.0015339982759036,-0.1030679630794639
9.450,0.350,0.2881055805750818,0.0015150782365596,-0.1038802850975456
9.550,0.350,0.2874563058410498,0.0014847201865504,-0.1046928814298927
9.650,0.350,0.2867982186203452,0.0014439369849549,-0.1055057836148518
9.750,0.350,0.2861338389726217,0.0013936577503810,-0.1063190212345787
9.850,0.350,0.2854654186038715,0.0013347335906180,-0.1071326218705867
9.950,0.350,0.2847949688557703,0.0012679431911847,-0.1079466111597803
9.050,0.450,0.3542244307917370,0.0021303973339034,-0.1006284822083117
9.150,0.450,0.3535382944394479,0.0021755253529888,-0.1014417926348283
9.250,0.450,0.3528342145447487,0.0022017220577832,-0.1022565251220654
9.350,0.450,0.3521155104048214,0.0022107002234325,-0.1030726744269230
9.450,0.450,0.3513851385580075,0.0022040292270117,-0.1038902347167573
9.550,0.450,0.3506457311359841,0.0021831446543040,-0.1047091991191242
9.650,0.450,0.3498996304648138,0.0021493577685413,-0.1055295595035290
9.750,0.450,0.3491489202036203,0.0021038647237385,-0.1063513064311526
9.850,0.450,0.3483954533050962,0.0020477554347636,-0.1071744292225815
9.950,0.450,0.3476408770726546,0.0019820220411690,-0.1079989161049100
9.050,0.550,0.4087473891886140,0.0028748663118823,-0.1006280702453648
9.150,0.550,0.4079252993775301,0.0029343950665690,-0.1014421964844641
9.250,0.550,0.4070962375243937,0.0029720412116119,-0.1022592861430026
9.350,0.550,0.4062623765457944,0.0029898561144373,-0.1030792676268550
9.450,0.550,0.4054256177472833,0.0029897105081082,-0.1039020706564101
9.550,0.550,0.4045876227345014,0.0029733078798212,-0.1047276259271901
9.650,0.550,0.4037498418481748,0.0029421974124082,-0.1055558649649369
9.750,0.550,0.4029135394432536,0.0028977863701116,-0.1063867201181000
9.850,0.550,0.4020798163151320,0.0028413518536435,-0.1072201246434983
9.950,0.550,0.4012496295564363,0.0027740518772337,-0.1080560128512752
9.050,0.650,0.4534944135832493,0.0037696986790480,-0.1006319930116182
9.150,0.650,0.4525278767336887,0.0038299561526257,-0.1014456380946847
9.250,0.650,0.4515687481088288,0.0038667297841501,-0.1022640870644569
9.350,0.650,0.4506178001261953,0.0038823027598357,-0.1030871767457535
9.450,0.650,0.4496756455161785,0.0038787480084442,-0.1039147488173677
9.550,0.650,0.4487427608967673,0.0038579450251006,-0.1047466495068306
9.650,0.650,0.4478195073345194,0.0038215959075942,-0.1055827294373018
9.750,0.650,0.4469061482251539,0.0037712405191029,-0.1064228435789624
9.850,0.650,0.4460028647984923,0.0037082707261681,-0.1072668512683664
9.950,0.650,0.4451097695244474,0.0036339436886909,-0.1081146162680866
9.050,0.750,0.4874445021806371,0.0048020437255900,-0.1006385475075528
9.150,0.750,0.4863715355551413,0.0048477718329767,-0.1014502812618304
9.250,0.750,0.4853200028625626,0.0048698972699806,-0.1022689280870413
9.350,0.750,0.4842892720368479,0.0048708142808447,-0.1030942117115439
9.450,0.750,0.4832786693592969,0.0048526865756119,-0.1039258655927539
9.550,0.750,0.4822874933347908,0.0048174670110167,-0.1047636325808044
9.650,0.750,0.4813150262570446,0.0047669161422469,-0.1056072646898445
9.750,0.750,0.4803605437721793,0.0047026195926544,-0.1064565229403000
9.850,0.750,0.4794233227149162,0.0046260042217201,-0.1073111772444012
9.950,0.750,0.4785026474596568,0.0045383530975199,-0.1081710063144183
9.050,0.850,0.5094530255156169,0.0059073093347829,-0.1006443841179391
9.150,0.850,0.5083617662268993,0.0059253379045012,-0.1014529912508846
9.250,0.850,0.5073023972613604,0.0059210302463980,-0.1022708272895331
9.350,0.850,0.5062730703807427,0.0058967700710805,-0.1030974875322156
9.450,0.850,0.5052720083988130,0.0058547008536691,-0.1039325827915674
9.550,0.850,0.5042975085750302,0.0057967475254261,-0.1047757389768010
9.650,0.850,0.5033479446372718,0.0057246367383525,-0.1056265967398218
9.750,0.850,0.5024217676752003,0.0056399156870618,-0.1064848111599568
9.850,0.850,0.5015175061112752,0.0055439695017351,-0.1073500514488287
9.950,0.850,0.5006337649260540,0.0054380372483361,-0.1082220006622164
9.050,0.950,0.5186156510626732,0.0069745457339619,-0.1006457787003247
9.150,0.950,0.5176319239196190,0.0069565502616797,-0.1014505606349841
9.250,0.950,0.5166849003755096,0.0069186090426093,-0.1022670075176085
9.350,0.950,0.5157718290389885,0.0068629836293861,-0.1030945787234359
9.450,0.950,0.5148901273805248,0.0067916967159915,-0.1039327553416070
9.550,0.950,0.5140373747029805,0.0067065547671865,-0.1047810396428943
9.650,0.950,0.5132113048393117,0.0066091690115388,-0.1056389545707517
9.750,0.950,0.5124097987145430,0.0065009748165246,-0.1065060432415074
9.850,0.950,0.5116308768812974,0.0063832494888531,-0.1073818684441187
9.950,0.950,0.5108726921149932,0.0062571285612727,-0.1082660121334355
9.050,1.050,0.5145751167182658,0.0078646495130394,-0.1006389840461222
9.150,1.050,0.5138409629906866,0.0078086111904274,-0.1014399667372906
9.250,1.050,0.5131419416558668,0.0077357839449328,-0.1022550680319860
9.350,1.050,0.5124747708755837,0.0076482148279572,-0.1030836125038225
9.450,1.050,0.5118364126010302,0.0075477239716842,-0.1039249525447414
9.550,1.050,0.5112240562269603,0.0074359269727061,-0.1047784677028670
9.650,1.050,0.5106351030945544,0.0073142555507875,-0.1056435640084723
9.750,1.050,0.5100671518552067,0.0071839765261761,-0.1065196732837761
9.850,1.050,0.5095179846911168,0.0070462091786198,-0.1074062524349549
9.950,1.050,0.5089855543763825,0.0069019410652800,-0.1083027827266874
9.050,1.150,0.4976617108352719,0.0084344643564722,-0.1006204636721115
9.150,1.150,0.4973107292482493,0.0083447779912955,-0.1014184538968061
9.250,1.150,0.4969874638926700,0.0082418341563603,-0.1022329250388084
9.350,1.150,0.4966884772188713,0.0081273999099335,-0.1030630763922695
9.450,1.150,0.4964106216679046,0.0080030362368407,-0.1039081406167341
9.550,1.150,0.4961510161466179,0.0078701190487444,-0.1047673829462610
9.650,1.150,0.4959070243449637,0.0077298585043496,-0.1056401003580517
9.750,1.150,0.4956762347830687,0.0075833167046458,-0.1065256207045606
9.850,1.150,0.4954564424729634,0.0074314238339170,-0.1074233018141047
9.950,1.150,0.4952456320802744,0.0072749928280832,-0.1083325305655820
9.050,1.250,0.4688574166721745,0.0085624052219672,-0.1005882891545297
9.150,1.250,0.4689896716525585,0.0084487628004802,-0.1013847448092147
9.250,1.250,0.4691380139052244,0.0083253974361949,-0.1021998481646398
9.350,1.250,0.4692991794668210,0.0081937624438340,-0.1030326899022399
9.450,1.250,0.4694702090894914,0.0080551321698334,-0.1038823987054906
9.550,1.250,0.4696484204233546,0.0079106206721718,-0.1047481403537898
9.650,1.250,0.4698313827784606,0.0077611988883180,-0.1056291167545198
9.750,1.250,0.4700168942491906,0.0076077103437908,-0.1065245649235818
9.850,1.250,0.4702029609945193,0.0074508854666661,-0.1074337559244989
9.950,1.250,0.4703877784796301,0.0072913545822818,-0.1083559937757439
9.050,1.350,0.4296372186717796,0.0081735880525655,-0.1005448108590763
9.150,1.350,0.4302954348262459,0.0080489025060305,-0.1013415383977480
9.250,1.350,0.4309562807023520,0.0079177229660286,-0.1021587967811618
9.350,1.350,0.4316169163401298,0.0077811880963839,-0.1029955896905868
9.450,1.350,0.4322747910119448,0.0076402877419356,-0.1038509623409894
9.550,1.350,0.4329276142400559,0.0074958786637364,-0.1047240004789400
9.650,1.350,0.4335733298016616,0.0073486990249904,-0.1056138293048640
9.750,1.350,0.4342100924346522,0.0071993816651568,-0.1065196123342469
9.850,1.350,0.4348362469776971,0.0070484662111923,-0.1074405502113477
9.950,1.350,0.4354503096989826,0.0068964100832397,-0.1083758794878110
9.050,1.450,0.3817200537605723,0.0072617440053742,-0.1004988246827344
9.150,1.450,0.3828710285919133,0.0071395639674306,-0.1012975700406335
9.250,1.450,0.3840119350653331,0.0070135948956943,-0.1021183831784265
9.350,1.450,0.3851405124320921,0.0068846892017299,-0.1029602045273210
9.450,1.450,0.3862547492887335,0.0067535804954106,-0.1038220184625215
9.550,1.450,0.3873528561897177,0.0066208961091930,-0.1047028522226414
9.650,1.450,0.3884332413220877,0.0064871686890891,-0.1056017747470908
9.750,1.450,0.3894944889273621,0.0063528468664379,-0.1065178954484714
9.850,1.450,0.3905353401814033,0.0062183050360591,-0.1074503629354151
9.950,1.450,0.3915546762679000,0.0060838522751655,-0.1083983636997296
9.050,1.550,0.3267103199675747,0.0059025898750577,-0.1004641022801632
9.150,1.550,0.3282376191544339,0.0057946335709568,-0.1012661364839524
9.250,1.550,0.3297450513492758,0.0056849523097511,-0.1020913976587485
9.350,1.550,0.3312309922549901,0.0055741616634258,-0.1029387859845129
9.450,1.550,0.3326940125889832,0.0054627857571321,-0.1038072470165027
9.550,1.550,0.3341328541918299,0.0053512666498808,-0.1046957705356095
9.650,1.550,0.3355464089910500,0.0052399731067524,-0.1056033893176024
9.750,1.550,0.3369337005177074,0.0051292087505465,-0.1065291778390175
9.850,1.550,0.3382938676989830,0.0050192195928940,-0.1074722509356149
9.950,1.550,0.3396261506743591,0.0049102009546357,-0.1084317624275751
9.050,1.650,0.2656416309763026,0.0042536750915723,-0.1004514474784121
9.150,1.650,0.2673522854928712,0.0041680500988719,-0.1012572338572034
9.250,1.650,0.2690374647598336,0.0040821101961355,-0.1020870291203746
9.350,1.650,0.2706961403095143,0.0039962927150500,-0.1029397130231046
9.450,1.650,0.2723274221214253,0.0039109667002999,-0.1038142113967464
9.550,1.650,0.2739305391354449,0.0038264394790485,-0.1047094949283646
9.650,1.650,0.2755048222060297,0.0037429629156055,-0.1056245778669615
9.750,1.650,0.2770496892410693,0.0036607393154218,-0.1065585166734582
9.850,1.650,0.2785646322898406,0.0035799269553431,-0.1075104086296492
9.950,1.650,0.2800492063646965,0.0035006452278065,-0.1084793904196226
9.050,1.750,0.1986027463801886,0.0025426764931025,-0.1004541311885963
9.150,1.750,0.2002411783971851,0.0024829164560137,-0.1012630739980610
9.250,1.750,0.2018533171213579,0.0024236886907810,-0.1020964609889688
9.350,1.750,0.2034385922165136,0.0023653078006496,-0.1029531665738156
9.450,1.750,0.2049965236427935,0.0023080384411705,-0.1038321114986226
9.550,1.750,0.2065267068060036,0.0022520996003391,-0.1047322615396522
9.650,1.750,0.2080287995896430,0.0021976687958996,-0.1056526261406193
9.750,1.750,0.2095025110824627,0.0021448861365709,-0.1065922570057500
9.850,1.750,0.2109475918277225,0.0020938582070292,-0.1075502466623304
9.950,1.750,0.2123638254335791,0.0020446617477411,-0.1085257270047792
9.050,1.850,0.1248171013891908,0.0010550954743257,-0.1004314063394652
9.150,1.850,0.1260734472289458,0.0010196642205758,-0.1012415493767600
9.250,1.850,0.1273078269306750,0.0009852329571485,-0.1020762833781511
9.350,1.850,0.1285199184800307,0.0009520378325015,-0.1029344872166458
9.450,1.850,0.1297094549590695,0.0009202783696817,-0.1038150861718412
9.550,1.850,0.1308762144519200,0.0008901201112361,-0.1047170505259019
9.650,1.850,0.1320200111708502,0.0008616973324296,-0.1056393941185001
9.750,1.850,0.1331406876975818,0.0008351157607329,-0.1065811728737305
9.850,1.850,0.1342381082393509,0.0008104552522345,-0.1075414833104871
9.950,1.850,0.1353121528044556,0.0007877723867473,-0.1085194610463905
9.050,1.950,0.0435047933469744,0.0001304046897893,-0.1002996421814661
9.150,1.950,0.0440157281865593,0.0001124376238238,-0.1011071308270762
9.250,1.950,0.0445142002450923,0.0000957803377843,-0.1019391483400851
9.350,1.950,0.0449999313471688,0.0000806231930575,-0.1027945831701864
9.450,1.950,0.0454726725347010,0.0000671279309927,-0.1036723702439549
9.550,1.950,0.0459321991504522,0.0000554294294180,-0.1045714894425255
9.650,1.950,0.0463783064060680,0.0000456375899608,-0.1054909640595584
9.750,1.950,0.0468108054141850,0.0000378392941698,-0.1064298592498999
9.850,1.950,0.0472295196607774,0.0000321003781353,-0.1073872804780357
9.950,1.950,0.0476342818915241,0.0000284675856388,-0.1083623719742294
